999
937
967 436 822 278 278 953 872 381 697 501 714 0
352
351 655 0
789
453 594 380 889 489 209 871 382 440 407 0
1488
425 749 314 175 739 456 395 64 412 814 921 918 425 421 0
950
950 615 715 509 309 667 967 505 132 620 0
1644
668 686 465 370 634 836 175 752 258 618 66 456 951 0
1732
781 547 671 830 497 65 12 655 518 801 0
270
481 151 890 398 270 342 648 0
679
679 357 693 714 0
753
753 773 545 753 24 317 135 0
953
953 609 423 281 0
1309
151 607 967 46 468 230 790 364 691 380 329 224 934 208 822 545 320 0
920
287 30 34 920 856 457 267 481 0
1404
533 871 861 119 0
663
663 390 358 100 86 453 0
1458
301 130 8 558 862 531 352 166 117 847 800 620 311 189 430 510 692 736 688 360 0
2146
609 137 481 773 737 265 336 971 790 908 963 54 94 10 549 610 593 252 356 0
913
93 803 77 443 913 464 297 0
2541
337 518 459 342 381 533 726 657 700 504 912 334 541 649 963 862 0
1731
99 1 705 983 39 802 991 346 289 739 569 456 855 199 134 0
2222
950 305 4 535 848 163 143 839 954 0
1511
869 632 880 316 968 296 118 296 879 205 673 122 216 725 741 0
329
329 962 43 688 855 136 972 143 608 565 639 407 854 0
649
653 806 649 355 654 251 0
386
386 589 935 0
514
514 260 134 725 471 979 725 0
943
493 735 795 812 90 1 540 84 901 420 943 216 830 0
506
506 365 73 566 0
882
469 79 324 614 803 613 194 275 601 383 948 0
668
313 668 4 623 513 70 989 0
1046
700 694 923 698 160 179 753 431 440 455 871 212 11 932 584 0
948
285 211 674 14 975 51 783 948 0
803
816 642 803 268 0
751
918 751 646 391 633 392 655 396 0
396
179 270 94 772 210 308 109 396 944 884 863 0
760
928 696 218 726 989 91 140 229 823 620 631 0
348
868 888 737 212 398 484 997 426 2 346 50 686 0
800
209 800 794 426 0
1664
897 292 795 607 827 10 860 163 469 882 293 800 183 69 0
339
339 680 387 579 833 622 304 17 475 502 822 0
151
893 388 479 35 599 601 659 499 474 367 151 811 760 0
1838
582 167 738 612 336 741 152 0
615
855 372 762 911 342 948 406 904 9 322 486 844 234 934 268 16 98 914 0
1708
826 12 92 13 506 246 489 459 323 339 306 987 0
380
829 721 527 289 121 44 907 947 526 2 380 326 0
45
764 45 189 300 818 0
982
927 616 664 489 659 366 0
736
367 736 951 637 105 186 779 149 685 524 148 119 0
3375
690 934 806 860 28 664 408 618 3 25 497 891 863 458 465 370 325 367 594 843 0
226
226 842 0
624
45 113 598 579 35 803 827 276 829 785 892 241 165 367 228 96 939 0
9
256 538 414 404 9 315 176 931 223 96 0
281
281 271 97 498 293 10 994 0
895
895 124 361 0
3173
537 700 710 205 344 423 711 418 991 384 819 330 711 745 143 820 389 508 319 981 0
1710
123 346 851 351 376 99 400 184 185 324 0
2219
722 294 292 660 711 832 360 995 261 446 93 167 103 435 0
1427
240 831 405 443 439 166 984 531 305 873 47 109 89 787 76 0
360
315 377 360 628 313 0
863
484 8 379 53 328 892 783 795 137 133 623 496 884 0
1788
417 217 885 122 798 390 199 661 990 867 497 849 798 112 258 42 881 789 397 0
342
195 212 698 342 846 357 917 693 49 644 325 133 725 507 506 750 637 0
828
54 442 664 899 62 639 916 957 467 140 963 692 193 361 0
1006
759 238 154 959 679 79 543 463 68 434 890 269 748 770 240 198 94 294 652 264 0
812
342 138 59 238 976 137 812 62 484 930 272 677 660 795 905 0
247
247 801 498 0
320
320 881 11 0
797
797 351 759 0
805
659 698 605 954 701 706 99 0
435
418 262 288 182 91 60 428 247 435 0
1760
163 8 558 591 344 343 826 985 907 777 650 394 592 86 324 824 19 322 0
1506
631 320 900 583 30 147 393 677 874 867 321 367 768 808 893 294 380 281 377 0
481
406 665 310 111 738 171 666 867 883 264 51 0
1192
293 827 463 874 328 365 101 590 966 574 320 52 572 39 540 985 306 843 0
346
717 781 551 47 850 464 25 823 700 4 75 168 199 223 0
997
990 997 0
551
225 661 227 441 733 58 616 312 386 551 303 0
1581
525 833 818 411 774 599 85 205 281 270 5 586 132 612 993 394 997 470 776 0
703
551 72 261 239 899 741 631 198 337 303 881 852 817 588 574 542 83 876 0
719
115 569 993 91 659 255 522 148 565 441 572 654 54 560 93 55 154 667 803 0
181
181 319 0
32
32 841 860 0
808
231 909 546 387 808 283 782 546 425 485 928 338 245 992 897 255 717 130 70 339 0
1125
621 896 260 433 403 516 609 298 904 403 376 727 0
709
709 333 643 0
890
343 616 109 383 438 0
1150
350 213 292 263 584 645 417 15 771 571 522 743 75 883 103 880 490 0
431
781 406 11 531 531 144 431 285 0
968
968 345 405 0
1002
984 678 625 974 944 781 111 308 335 919 25 220 936 754 231 847 221 408 783 616 0
3224
398 789 811 362 916 575 676 767 759 190 674 386 811 0
911
911 865 0
383
380 899 788 293 744 920 610 789 69 828 59 3 883 11 223 836 0
1610
735 626 709 647 790 161 903 456 144 353 368 211 90 0
966
220 544 966 0
2252
870 273 657 632 170 852 830 709 604 262 77 210 290 561 127 748 627 670 0
629
302 409 672 104 181 990 267 52 451 345 629 0
498
868 890 616 498 580 0
2471
854 454 377 962 328 327 4 448 108 477 664 173 970 95 32 527 121 843 0
444
524 98 346 195 644 949 457 541 123 500 232 606 570 483 0
296
418 296 137 65 399 975 0
852
852 243 366 0
1162
658 627 126 192 185 744 977 360 246 581 386 163 514 631 488 463 363 0
2803
488 757 191 278 416 773 423 178 850 174 370 438 784 431 400 214 0
2158
970 437 416 824 343 16 318 95 918 263 57 718 380 493 0
3908
99 707 302 653 659 495 980 835 833 644 709 790 296 38 377 117 523 431 377 0
754
754 908 748 107 199 400 262 0
991
991 957 419 925 574 762 844 0
1976
333 869 805 555 248 655 650 148 138 450 156 607 843 847 934 0
1025
985 310 61 622 969 438 664 345 389 474 42 989 411 337 12 257 688 0
2508
467 123 976 406 799 237 765 16 445 138 712 990 226 0
488
940 506 298 563 488 672 498 616 813 55 184 535 68 827 693 254 801 793 0
936
357 478 38 553 474 898 366 115 550 789 497 430 513 268 0
947
86 650 178 487 977 947 189 0
485
485 376 662 770 425 0
416
700 928 416 0
867
866 69 997 925 0
417
104 317 83 476 559 391 417 178 694 601 534 0
981
602 282 182 699 49 50 488 0
173
173 130 592 328 730 940 781 235 795 346 673 579 339 456 191 976 0
2862
82 89 489 868 587 60 433 314 735 506 112 18 483 0
995
459 144 808 91 70 805 934 995 324 0
2874
540 212 337 609 608 717 269 486 253 81 137 712 80 787 646 779 660 950 0
4706
559 360 504 637 470 638 707 392 976 932 970 944 984 704 799 726 924 726 788 0
1628
976 452 415 623 691 200 776 934 825 525 0
2476
944 939 50 734 184 532 437 307 387 843 492 0
335
334 509 550 0
1431
696 789 129 736 75 935 440 992 804 155 496 403 192 0
900
460 821 79 0
1681
81 427 433 258 187 785 727 182 305 25 225 775 394 752 954 957 401 290 603 0
2217
508 705 127 306 317 750 926 237 796 609 348 612 381 828 318 852 494 231 569 347 0
33
815 163 584 733 67 762 1 147 411 33 0
467
857 924 337 61 99 218 179 467 887 702 643 995 0
710
710 411 579 599 984 0
482
197 753 482 0
961
380 644 449 717 168 439 797 468 890 985 779 332 884 601 717 793 570 112 961 182 0
1466
620 247 428 96 439 971 635 730 140 587 140 718 514 975 637 511 783 181 929 0
615
87 811 650 663 770 108 586 354 742 576 165 751 620 39 156 671 330 0
698
698 275 0
2100
3 238 554 189 838 537 601 861 515 769 651 350 0
1877
244 191 334 521 467 650 735 614 202 819 915 441 527 0
142
686 320 142 954 769 899 931 797 181 41 0
2354
376 590 975 543 579 907 484 619 625 688 896 459 352 523 645 914 858 749 0
551
11 551 680 376 0
823
295 645 504 256 602 567 858 202 669 0
385
137 684 385 0
1994
66 696 348 829 131 970 452 431 852 667 498 114 192 332 548 96 985 0
52
52 15 0
2597
733 236 885 595 358 109 481 323 370 192 194 359 988 643 173 787 0
1044
741 490 961 790 210 809 962 616 363 254 0
1406
676 759 595 468 556 842 280 602 65 309 458 948 890 992 0
1970
597 375 705 66 317 630 727 387 872 66 794 697 719 958 757 146 503 0
1275
208 608 124 911 938 337 0
473
541 12 494 841 473 97 74 0
877
576 126 6 784 945 797 877 542 394 380 760 0
1913
691 525 510 466 175 937 108 0
1893
955 594 938 605 559 465 0
708
943 609 464 859 451 785 708 0
816
816 637 885 243 422 741 284 637 149 214 0
3469
360 517 480 830 599 753 855 186 181 664 306 127 272 482 213 551 180 695 646 0
1884
963 53 745 104 870 944 735 355 601 598 561 75 262 547 226 938 680 825 0
648
648 270 368 531 853 17 245 481 0
1021
26 317 699 322 0
125
312 368 80 700 877 125 770 309 16 889 461 86 257 633 790 307 390 0
188
188 950 62 187 0
534
663 692 935 691 557 851 977 534 958 606 0
615
793 555 878 479 777 615 567 478 254 0
1756
879 59 576 791 665 885 627 543 300 117 0
273
273 721 148 877 271 998 249 489 801 225 627 262 756 347 17 338 900 846 976 0
895
632 160 895 878 109 0
1199
454 593 510 567 228 6 783 81 758 436 872 602 933 69 796 961 643 188 0
754
754 711 0
1391
140 744 803 843 576 848 815 554 0
853
163 737 116 677 398 0
1556
35 975 805 581 423 573 25 483 394 721 917 618 679 119 658 28 94 0
1070
898 885 300 517 770 781 487 49 454 985 0
66
246 8 347 35 474 58 941 651 237 739 0
2843
786 984 902 166 333 571 901 693 228 847 909 226 569 0
1106
237 197 157 388 634 875 877 810 389 354 949 329 0
2238
246 744 91 769 526 337 280 609 640 420 97 516 434 487 326 0
1173
571 935 425 873 509 660 45 812 65 7 914 426 240 938 748 789 0
443
443 575 734 654 558 262 389 765 574 401 101 0
1670
510 990 724 755 171 594 946 123 824 205 233 418 363 904 109 706 740 661 444 351 0
172
663 131 642 172 277 696 240 47 126 323 653 109 40 511 0
1701
844 305 926 442 543 274 883 603 722 230 141 322 706 277 338 358 966 263 0
2320
705 294 164 493 979 561 265 937 270 287 170 714 79 25 596 928 806 629 599 808 0
88
88 140 749 586 0
2991
812 115 243 895 43 68 617 691 326 831 126 435 953 704 0
269
430 638 335 837 403 824 43 269 295 813 124 390 589 714 78 0
1741
226 673 246 376 22 850 394 224 468 695 358 840 157 0
236
647 805 236 75 961 0
2124
987 219 388 12 494 845 929 756 41 982 278 116 665 754 792 26 0
245
244 269 67 787 163 0
169
169 843 383 77 988 0
510
510 331 659 556 166 196 422 933 0
379
387 245 643 822 439 476 630 549 379 790 829 477 344 8 920 840 965 694 431 0
1291
870 241 675 54 43 145 808 891 601 278 429 437 363 867 671 455 0
536
415 384 536 557 0
2155
253 858 594 371 55 550 973 450 41 942 100 628 753 399 981 529 675 814 0
1048
185 57 408 395 716 80 895 374 640 736 0
2961
664 706 436 736 649 154 76 915 969 775 753 537 424 686 257 734 235 552 540 0
793
908 793 0
649
649 161 4 261 704 802 318 0
1359
676 215 119 19 772 286 450 617 468 156 151 945 931 981 672 543 884 696 960 100 0
104
104 540 585 708 232 231 0
2523
17 784 980 246 594 462 400 415 267 818 477 883 202 83 200 236 233 918 448 0
209
760 441 721 209 0
562
445 127 229 108 562 582 833 0
3126
67 332 442 976 816 996 471 826 369 636 163 117 926 612 858 101 142 640 0
839
616 180 219 659 261 510 805 795 635 814 438 237 0
2062
879 907 748 854 450 626 983 582 996 675 10 869 0
248
248 34 0
800
800 697 0
891
891 136 522 636 40 722 182 263 0
2170
840 369 712 383 685 268 485 351 812 796 599 672 807 277 317 166 330 0
849
760 849 601 259 570 0
3172
627 436 552 695 355 796 571 171 987 708 979 741 944 666 0
522
521 741 717 458 0
2066
825 914 370 65 451 253 701 365 539 56 586 0
1368
327 975 658 507 989 410 394 666 325 191 370 313 44 533 526 996 0
302
972 685 725 126 589 143 393 787 989 150 766 256 160 513 990 295 302 817 0
2660
661 467 637 62 716 426 991 935 175 497 872 876 778 976 811 355 497 859 0
640
640 623 714 192 447 526 0
1951
679 8 7 50 95 556 986 426 4 846 266 138 911 0
947
437 169 508 574 122 349 670 598 824 99 135 946 0
432
506 43 920 572 634 258 432 870 905 396 0
1782
351 923 387 51 538 839 396 794 547 0
2786
405 681 794 563 745 161 309 898 833 246 213 5 995 598 245 789 98 204 740 310 0
752
471 752 0
947
947 33 353 0
2173
50 774 81 226 105 777 653 512 721 870 426 976 693 722 691 0
257
459 896 257 769 456 340 464 712 16 734 531 611 933 64 467 820 191 751 786 729 0
1854
787 233 873 98 831 790 0
132
132 118 141 0
1354
230 396 4 937 143 239 939 177 417 585 944 209 817 0
1410
957 636 578 32 478 932 75 167 578 554 0
1921
709 489 573 167 462 66 229 107 733 899 752 0
2564
391 835 918 301 99 748 790 355 345 683 895 698 837 934 270 960 911 348 903 807 0
1431
555 375 264 782 675 825 72 616 76 577 515 186 0
733
733 390 0
478
813 349 825 33 734 299 477 129 952 81 199 412 778 161 404 424 375 187 831 0
1124
565 691 820 925 802 404 808 159 937 196 145 0
537
80 738 739 204 134 541 86 856 912 812 991 537 627 0
758
451 669 938 436 228 127 856 619 758 362 359 698 537 0
283
283 988 184 892 67 36 47 116 334 462 0
663
919 986 568 438 434 127 663 269 910 0
1216
665 421 877 475 725 369 670 338 525 10 213 46 112 902 0
2636
956 368 617 595 984 324 67 406 732 830 269 724 512 547 979 290 0
657
657 182 966 589 822 450 449 948 0
695
695 183 2 396 239 876 611 264 138 11 613 769 767 256 645 893 766 907 54 0
621
785 621 920 626 833 222 187 665 647 107 916 0
402
402 413 0
960
960 219 916 268 397 72 704 656 620 779 436 0
1502
14 666 183 859 247 210 567 401 959 433 427 795 137 305 519 445 0
111
111 677 535 308 0
1293
617 590 902 732 208 79 676 995 608 0
938
140 959 84 350 48 89 735 265 372 765 253 453 700 220 869 516 0
1630
194 623 612 981 771 184 919 613 701 217 440 424 99 290 0
1175
18 238 113 609 870 566 241 164 420 877 64 565 744 0
553
553 989 0
125
272 310 336 32 670 72 439 615 125 0
2317
444 292 728 460 40 450 47 546 948 238 321 132 671 0
590
956 590 384 0
1519
572 366 781 525 80 844 215 994 571 403 550 0
753
400 458 55 604 133 174 446 407 378 0
722
722 469 800 469 180 995 855 874 518 167 848 780 714 0
768
893 504 898 768 730 621 411 0
266
266 918 878 995 201 983 259 0
1885
805 492 7 999 526 449 77 763 844 39 720 669 310 906 910 0
741
715 391 804 741 744 465 0
44
44 385 495 561 532 856 881 518 169 225 526 769 707 488 251 879 750 182 125 616 0
953
935 953 238 0
3063
181 833 575 572 783 611 784 349 805 328 646 114 357 790 798 554 0
136
107 730 136 904 420 824 0
28
28 600 833 777 802 0
380
380 660 722 41 546 0
65
65 775 0
1857
855 666 667 858 882 296 689 851 328 165 857 248 66 300 317 658 0
2432
324 999 922 142 457 709 538 460 941 687 793 155 264 141 371 898 814 0
736
736 813 234 465 39 544 901 555 602 145 501 0
734
228 684 847 312 78 59 626 396 202 532 747 531 324 0
694
825 215 479 14 533 150 111 612 619 536 492 815 940 563 663 0
488
488 872 687 550 809 674 692 975 568 0
1194
570 280 509 725 666 29 595 195 0
798
471 447 263 644 789 225 323 927 310 309 475 0
1251
581 518 82 26 902 451 686 545 80 303 924 83 641 752 26 803 697 220 472 501 0
671
671 74 258 0
3610
454 784 997 146 978 292 838 245 554 69 961 904 873 313 566 709 987 242 439 251 0
501
542 978 647 431 643 70 570 396 451 0
2150
242 288 885 931 635 178 442 753 228 749 970 404 704 888 993 957 244 183 212 889 0
680
786 176 95 312 680 0
63
95 604 312 924 63 260 282 0
9
213 761 9 0
76
184 213 662 76 0
1654
888 69 109 767 60 392 367 955 827 76 701 737 0
885
133 479 460 815 730 366 425 786 0
1275
589 162 175 979 543 163 451 132 486 0
2408
149 600 249 325 183 901 418 952 390 379 202 240 948 332 451 612 0
2396
931 666 240 516 678 924 977 564 702 838 880 866 370 296 0
614
614 397 561 206 965 0
12
990 191 958 605 833 298 201 277 298 485 623 597 941 794 12 14 0
2224
923 100 293 948 776 374 375 674 148 8 753 905 391 810 916 37 0
656
136 793 902 827 340 656 878 867 0
1916
114 643 25 921 211 84 396 102 814 971 980 120 909 63 0
868
815 539 359 345 198 322 981 868 389 98 0
2967
596 881 707 555 459 584 238 532 968 429 964 566 770 640 385 54 143 415 725 0
905
902 639 905 0
2415
419 688 252 468 903 824 382 163 908 370 872 12 434 285 304 992 932 8 332 440 0
982
982 812 815 100 0
2211
430 153 303 361 855 242 995 303 971 775 208 295 948 705 948 907 629 172 611 0
3451
466 859 310 783 189 421 487 844 126 649 621 236 757 607 0
2460
577 809 602 918 790 289 984 275 401 7 867 694 571 752 456 0
770
33 737 503 560 535 329 826 597 287 0
2134
360 48 678 621 203 308 827 867 431 747 864 82 134 783 971 552 999 823 0
1076
163 856 133 504 572 210 0
1872
961 464 952 447 0
821
137 707 52 728 678 273 568 239 184 482 711 74 821 867 718 573 0
3032
998 145 489 419 582 666 191 608 937 0
886
295 626 65 252 533 638 542 489 886 702 381 650 564 413 762 433 644 0
851
709 861 522 567 946 636 851 932 534 0
916
58 30 153 322 286 363 393 755 873 888 107 376 423 268 781 899 443 28 158 0
514
162 980 145 530 923 355 514 0
44
569 287 44 129 344 0
2303
90 903 939 190 839 969 518 495 0
2819
728 314 584 570 825 727 425 977 658 686 760 280 294 331 581 181 439 0
1407
741 612 357 814 454 940 945 606 272 666 942 133 0
3796
55 78 959 952 451 567 292 371 189 524 896 971 295 206 906 97 238 890 731 0
750
182 693 331 750 131 153 374 239 357 843 0
459
334 316 828 207 204 459 0
3220
557 967 201 67 366 134 796 336 49 691 725 811 906 571 266 265 105 848 767 0
444
134 230 587 511 205 355 645 718 961 302 791 464 938 181 182 340 604 209 444 854 0
209
209 3 274 943 0
2057
310 326 807 822 640 828 957 601 278 441 0
368
368 119 194 293 605 302 199 0
1379
484 16 317 795 728 147 821 601 711 258 9 616 424 806 0
806
806 782 731 330 0
641
480 795 509 855 525 267 190 52 325 442 534 374 241 981 0
961
558 914 71 371 115 930 184 590 483 221 0
70
70 732 179 830 0
436
436 461 897 387 554 233 488 262 146 0
2559
541 673 101 648 666 625 681 111 349 803 822 602 596 475 848 0
1968
389 974 755 507 476 173 433 236 692 934 326 102 75 732 933 355 674 899 858 695 0
2262
867 310 413 340 93 680 221 646 669 958 492 82 898 398 924 181 627 440 649 114 0
1755
793 838 397 119 820 26 326 437 682 198 359 197 866 935 787 263 864 0
261
261 867 502 538 437 195 505 0
1428
451 271 202 672 451 827 368 218 609 141 0
523
679 72 64 724 689 886 70 226 14 184 337 885 870 29 373 0
770
770 380 789 995 0
957
830 582 256 186 217 819 307 178 549 350 878 851 110 138 302 0
1392
850 918 429 645 886 731 92 652 238 699 101 932 647 932 31 0
39
599 725 677 984 999 39 861 844 0
165
785 47 165 680 0
613
613 737 89 937 395 645 921 0
975
837 405 938 186 853 449 188 975 261 208 486 319 196 259 328 514 0
638
638 510 469 17 244 165 0
202
202 609 895 308 668 472 318 0
193
170 485 537 193 0
155
155 532 255 297 543 997 593 120 962 900 79 448 0
756
708 756 625 0
875
875 509 303 0
723
588 241 99 763 983 59 482 950 788 44 0
837
387 330 180 226 169 507 255 593 169 35 431 32 765 163 579 0
695
684 266 778 609 429 485 596 0
613
647 608 327 496 413 613 0
1245
193 775 880 260 301 356 210 90 450 889 214 273 68 102 0
2103
676 593 662 276 166 160 727 961 697 737 94 953 955 450 744 706 102 534 486 0
951
652 500 626 85 522 369 818 215 7 370 601 736 0
1539
753 606 519 610 446 45 816 793 45 360 988 820 650 165 306 359 614 18 911 551 0
865
595 894 859 34 514 622 668 163 351 0
973
973 602 440 720 964 864 585 655 790 327 323 763 561 997 0
60
60 307 0
48
718 534 570 444 48 167 626 0
948
948 180 0
1160
500 865 960 638 435 778 356 22 342 239 780 0
565
992 451 110 482 173 822 62 861 114 618 38 586 857 187 978 237 911 786 360 0
340
532 519 150 615 30 326 54 180 417 188 76 106 0
792
792 537 537 402 752 0
367
949 482 787 572 367 561 847 371 354 406 986 407 212 259 392 0
140
60 529 411 47 140 250 83 12 788 129 474 0
331
331 705 851 723 875 147 476 397 341 0
3430
714 993 357 285 673 799 821 30 757 291 536 702 357 896 730 399 317 319 310 0
701
701 925 668 172 624 0
897
897 677 581 0
898
225 396 589 143 535 108 311 97 898 756 628 216 48 590 0
1522
114 330 739 693 297 218 500 789 268 149 960 601 324 832 154 322 804 90 804 944 0
393
162 393 88 0
2050
293 12 619 756 175 877 766 314 287 551 623 910 95 191 297 903 344 279 245 0
220
139 220 108 217 424 0
711
234 598 477 72 557 0
282
460 282 673 338 0
476
476 525 0
895
877 805 92 895 901 100 758 0
266
696 173 927 660 271 460 490 630 436 676 429 266 335 0
867
27 29 811 258 228 605 93 0
848
848 948 649 816 0
411
963 19 811 890 209 641 218 964 439 94 857 99 151 4 0
765
765 75 25 53 201 0
250
250 55 746 0
31
31 890 92 102 248 498 641 0
882
882 220 634 919 47 0
2650
629 826 486 330 961 963 785 658 751 247 376 153 450 0
1392
496 517 549 834 933 976 949 474 911 253 124 22 260 347 656 36 0
1264
552 887 712 931 0
161
161 635 525 6 0
1610
129 780 640 669 81 381 862 830 0
375
542 300 510 891 812 847 632 665 387 652 375 891 97 479 673 833 947 0
1405
176 505 123 605 272 43 597 654 841 300 185 937 534 202 830 81 0
894
585 487 87 933 906 894 308 0
1237
396 671 899 667 211 338 203 484 440 54 52 316 823 960 558 128 738 252 0
637
637 55 564 427 16 140 0
2255
32 556 224 59 801 265 497 724 344 80 585 930 63 442 645 162 326 493 961 0
601
763 107 244 679 950 177 343 715 601 514 306 684 483 194 82 0
1738
844 979 736 478 536 446 579 37 305 884 440 510 525 52 0
234
234 993 846 899 270 405 0
2807
803 762 622 775 336 677 61 246 176 920 642 680 636 429 892 486 80 587 144 0
1659
198 983 676 355 903 369 913 471 210 602 750 455 443 750 564 888 166 152 600 0
1455
223 378 691 484 161 185 91 303 429 723 287 0
905
766 490 999 861 31 105 50 246 934 536 396 85 231 93 812 0
1796
578 68 240 794 906 72 202 0
552
552 220 999 328 984 329 0
532
160 438 881 921 166 382 959 519 682 22 596 517 543 918 296 13 0
2052
451 289 777 986 864 343 541 315 606 0
1429
346 287 670 759 79 0
490
767 994 481 538 873 490 752 519 81 2 189 0
653
795 653 525 763 218 378 904 248 0
1550
368 675 611 905 755 135 795 0
356
355 730 687 981 0
945
895 945 67 229 798 976 971 185 240 829 23 777 501 683 0
1230
37 700 942 797 789 864 138 827 197 201 690 67 238 94 938 507 292 424 768 0
276
276 882 239 678 92 400 229 919 98 632 832 24 219 668 0
2770
471 990 125 966 429 60 911 407 545 724 740 822 801 712 0
2063
148 121 67 983 159 443 282 128 116 551 401 796 551 0
310
310 227 857 80 89 699 430 264 203 492 0
1047
478 569 659 195 3 0
2488
947 503 261 777 917 0
1177
838 327 834 686 425 221 808 956 816 225 0
608
407 594 903 918 968 378 925 383 261 606 681 670 274 377 334 0
1005
740 887 145 45 663 780 287 314 895 75 455 146 385 110 870 629 909 174 0
1936
936 155 236 585 400 204 846 628 825 343 471 950 307 765 0
2442
538 108 624 948 990 110 460 327 910 965 627 460 995 49 363 164 59 613 396 0
412
386 501 714 193 412 538 822 861 297 331 260 172 696 210 0
656
489 661 709 458 438 342 568 456 42 447 70 198 344 123 286 62 0
1296
441 855 413 0
443
443 758 25 879 952 5 217 0
1112
995 784 229 212 6 948 298 816 296 469 506 823 829 200 0
1734
367 462 110 603 391 679 644 573 905 110 219 0
4
4 163 517 597 166 882 749 0
2394
172 821 203 739 816 844 708 717 681 544 678 619 499 103 281 0
452
452 211 724 357 375 584 834 824 694 808 819 948 0
449
449 133 447 900 0
2048
693 874 666 455 273 316 163 64 993 722 334 295 619 707 430 756 888 712 70 0
1666
342 81 516 942 249 730 444 355 957 336 963 670 820 954 89 858 195 0
1728
710 970 161 448 524 575 462 207 791 46 677 988 872 348 0
63
6 733 21 796 337 63 29 303 858 648 161 111 669 817 667 239 888 0
1921
627 822 197 945 585 59 455 808 334 999 159 814 266 613 259 0
604
604 223 79 433 802 892 204 770 680 810 136 491 113 842 839 170 28 650 0
1264
939 113 92 896 128 120 691 65 484 481 0
217
321 552 217 851 989 0
741
119 529 800 71 158 583 883 0
2741
86 230 207 320 470 139 296 972 965 242 537 683 262 0
828
828 413 0
2598
524 880 167 980 214 437 992 745 110 0
1519
932 886 633 0
666
545 36 457 109 789 412 416 227 686 439 666 788 200 257 461 0
691
7 325 866 96 829 333 224 262 362 952 865 299 857 210 588 259 0
1194
303 112 395 453 365 426 750 403 611 813 213 125 976 647 790 59 977 0
1438
91 887 6 438 562 449 706 43 14 99 505 437 701 95 93 946 624 0
629
629 351 926 561 0
479
479 375 944 512 883 993 642 0
868
170 687 63 85 428 297 447 350 14 652 889 968 430 208 466 135 166 75 574 78 0
336
375 336 496 275 70 828 0
600
319 600 171 261 139 564 91 91 0
979
979 723 804 451 159 748 0
984
742 424 22 965 65 329 201 87 481 0
1445
205 434 986 301 979 976 466 227 287 417 499 379 0
3099
564 534 85 968 317 326 130 247 527 38 995 79 624 647 0
2662
861 790 288 964 241 207 630 917 438 426 0
1568
218 733 350 144 946 295 160 987 140 392 802 510 98 151 835 831 995 68 0
366
211 306 74 458 711 106 2 109 496 279 971 740 416 42 578 59 601 87 88 0
6
798 184 873 214 666 53 6 311 0
821
821 469 634 625 328 66 694 214 328 440 251 0
5
5 171 901 780 22 859 663 764 433 401 888 0
1345
455 535 88 107 509 858 273 735 80 802 427 701 777 163 222 841 579 8 599 74 0
931
931 477 0
787
787 941 988 863 0
1076
913 699 964 918 820 658 377 139 0
973
334 346 241 133 896 547 480 279 161 568 535 794 4 933 586 36 695 0
30
935 243 623 884 858 267 788 30 419 0
2359
976 721 304 588 663 158 656 17 508 597 254 482 730 463 503 203 372 0
2783
675 695 612 890 72 839 1 661 208 697 53 823 284 185 469 0
106
144 721 106 485 208 767 978 0
450
194 256 569 671 0
673
673 193 958 899 513 0
603
476 546 877 394 34 49 21 250 328 774 849 593 705 348 551 554 663 148 0
1567
541 883 163 45 812 148 584 740 180 693 333 941 901 477 0
736
736 94 0
1602
13 162 265 699 993 895 745 394 214 77 643 224 316 649 247 246 553 810 0
809
228 809 867 0
925
748 394 925 709 670 648 0
312
298 295 78 669 802 737 458 542 56 74 194 882 182 771 817 600 26 0
1977
821 338 126 480 1 416 800 836 846 359 772 717 63 642 655 283 0
769
339 423 137 599 430 119 480 210 672 561 592 699 0
2778
313 938 73 652 658 584 132 103 22 973 395 7 323 862 623 329 679 250 222 917 0
1690
502 4 374 145 470 953 486 273 86 33 965 567 655 890 673 147 0
1066
150 133 161 116 645 845 619 672 725 221 844 785 780 0
269
269 884 74 879 0
181
290 857 181 0
2147
800 193 837 995 315 471 665 0
1311
653 227 248 716 343 801 658 620 781 0
692
556 279 257 155 663 976 909 232 117 744 856 883 845 395 365 551 136 908 859 556 0
237
252 229 477 237 719 128 203 750 0
1202
212 862 509 29 545 199 128 353 465 849 428 877 966 667 0
185
453 182 185 550 690 165 602 142 0
2630
514 528 462 202 421 841 475 260 712 981 569 783 485 294 939 806 154 816 9 674 0
234
234 98 931 756 0
849
849 196 211 429 868 635 821 726 124 0
2488
319 749 812 204 269 21 392 468 334 824 983 594 686 878 492 44 684 0
291
216 724 291 380 988 594 0
803
210 286 593 0
3248
997 312 410 568 684 459 383 977 779 800 826 77 322 478 522 666 994 0
3180
123 332 661 238 792 693 917 984 313 480 138 702 213 0
2088
732 14 613 826 370 68 29 778 842 915 297 725 587 222 347 0
444
797 444 259 119 242 437 102 824 203 0
283
167 117 624 745 379 283 326 252 188 454 646 0
2808
972 791 100 323 879 883 50 953 683 896 807 743 730 597 512 436 191 718 940 774 0
2286
376 235 419 83 744 427 318 18 886 696 459 919 336 64 701 281 68 758 364 824 0
569
970 170 569 145 767 769 511 440 956 140 534 63 0
2456
986 970 395 499 991 795 902 830 875 287 93 724 302 598 0
2040
84 768 618 328 796 432 69 176 45 767 0
1242
254 119 853 417 656 253 686 360 232 498 669 292 946 927 670 291 132 58 0
193
193 923 562 515 0
915
417 433 212 650 868 740 223 494 214 641 170 226 662 757 972 112 42 30 0
469
399 55 524 892 469 819 834 0
944
387 72 185 944 47 0
2153
88 14 505 842 363 534 690 449 94 681 669 0
416
437 410 139 155 262 418 416 0
693
693 964 166 0
2494
881 335 833 640 159 825 760 413 262 582 739 899 41 658 955 0
555
555 592 201 476 473 160 577 862 139 760 0
1226
775 649 451 749 550 0
1791
861 64 54 367 838 166 397 573 385 943 942 641 906 205 484 545 87 239 0
2691
605 562 893 537 287 621 219 115 973 580 774 391 962 806 692 0
297
297 574 5 412 575 581 187 862 0
622
159 206 622 820 450 767 122 0
1171
696 948 350 278 209 223 888 165 242 245 18 358 620 859 307 397 18 705 0
899
983 899 0
748
458 427 935 19 206 68 129 748 0
348
774 973 803 919 728 10 348 0
1546
963 145 886 515 200 93 707 753 333 976 0
732
732 948 87 524 30 116 0
133
133 247 272 753 973 509 364 951 827 376 0
171
171 615 0
1573
165 463 131 676 975 157 180 924 151 454 278 471 11 243 559 355 169 457 964 0
1719
939 731 180 250 266 894 121 432 453 939 351 869 655 250 370 247 102 353 93 722 0
1582
335 4 751 948 358 612 614 780 374 108 417 296 925 206 17 410 0
2098
414 71 796 191 944 872 815 160 436 122 930 933 159 960 589 761 877 553 882 0
774
545 804 593 491 569 418 774 229 811 396 715 450 304 707 0
1225
170 864 151 540 685 571 255 0
458
625 458 222 126 280 91 0
517
517 894 0
3005
352 953 776 727 605 932 607 802 968 605 654 433 474 233 73 845 349 315 874 191 0
2081
841 68 626 276 153 373 769 526 279 510 458 921 0
1722
765 447 47 796 694 214 98 114 24 203 409 349 588 199 842 926 0
1246
374 787 78 694 589 715 487 264 351 498 681 298 0
257
257 328 52 275 855 129 688 819 461 267 0
383
678 571 336 404 682 383 562 79 204 830 165 796 17 0
1007
283 83 981 646 73 492 855 830 432 663 905 536 761 471 0
1425
447 789 305 449 228 833 29 975 393 50 222 718 291 298 864 569 983 497 658 767 0
224
600 948 699 991 614 199 523 378 34 779 446 215 25 899 987 890 0
2435
838 927 615 736 103 661 202 591 75 525 37 625 383 963 204 833 892 164 0
2159
899 204 307 642 352 675 246 210 620 113 148 856 269 28 499 848 899 557 0
1343
200 883 482 603 984 98 163 317 325 867 198 159 463 351 551 765 0
649
648 283 429 0
576
576 642 611 369 0
1988
978 906 904 500 170 622 295 183 131 774 808 550 394 690 660 511 957 506 0
2751
724 923 777 512 181 614 301 319 420 482 896 959 474 370 823 364 0
1369
288 601 714 186 699 542 732 707 112 116 966 549 616 824 242 827 0
3270
428 288 437 930 789 864 924 530 917 616 873 499 442 991 330 0
749
757 112 646 637 148 0
1229
566 882 429 420 682 380 762 0
1514
472 13 614 358 196 803 938 406 236 900 51 190 102 0
154
1 452 154 414 856 378 816 104 38 772 10 675 725 686 632 450 287 35 861 0
1136
436 556 604 559 412 743 60 580 862 243 743 0
1230
95 906 294 296 922 29 687 936 0
537
986 2 537 603 410 955 694 965 867 841 109 994 62 0
1509
464 256 14 998 631 662 427 703 919 982 250 309 622 35 402 132 152 863 481 0
112
112 604 0
550
830 759 664 217 255 672 584 410 550 571 365 585 733 394 132 510 972 149 447 705 0
282
96 192 425 71 467 486 76 353 444 454 631 825 282 66 322 691 500 656 498 0
532
965 532 729 656 744 505 0
1624
357 744 759 722 14 217 16 157 36 915 452 137 875 216 411 778 673 407 0
1932
129 782 167 994 170 511 860 542 336 673 229 0
1908
760 421 780 303 394 331 419 368 514 405 454 865 658 924 825 0
797
304 412 7 757 352 886 147 92 463 445 577 651 0
167
248 763 439 95 167 952 26 195 112 0
1031
61 222 133 310 871 257 926 498 167 530 418 783 104 455 839 757 103 424 83 382 0
775
638 775 186 251 0
849
83 537 554 312 217 101 770 389 875 364 145 332 0
739
697 479 893 748 474 739 644 487 567 284 568 801 559 0
2652
771 453 523 955 83 656 86 726 351 843 479 0
347
686 64 347 981 113 421 330 545 0
1751
156 399 880 597 755 97 180 357 745 834 543 917 223 0
80
551 197 925 80 969 0
435
919 639 68 698 588 985 529 942 877 671 435 0
397
397 560 250 0
465
449 89 20 600 214 428 291 16 551 844 333 0
1657
449 138 55 481 834 311 171 336 868 759 107 674 983 843 624 666 651 435 189 647 0
462
957 237 252 199 327 174 532 742 15 447 217 949 673 646 21 0
2170
696 330 273 225 943 232 332 882 137 602 367 103 513 470 215 913 597 0
83
870 598 520 442 449 823 419 923 341 955 714 353 83 166 962 85 0
1211
401 505 921 248 706 622 493 739 0
671
622 737 660 59 531 671 572 17 879 691 500 0
1108
787 867 148 692 665 753 758 135 821 973 446 0
2176
216 143 708 519 429 482 339 120 472 545 414 683 376 127 721 140 138 0
566
565 798 71 661 609 55 659 945 124 609 156 403 887 544 732 104 467 0
891
891 192 0
2069
965 701 564 517 237 219 477 727 886 522 93 0
2261
994 154 588 822 310 51 723 501 914 722 489 481 950 801 562 558 789 0
700
378 981 366 777 863 289 88 90 790 42 104 589 73 42 435 0
532
531 924 612 0
688
927 688 16 383 499 616 358 594 917 601 393 207 599 900 913 329 301 853 0
1117
954 224 944 286 822 426 727 173 334 117 716 0
89
89 655 390 142 0
58
57 414 676 0
1941
628 967 778 807 601 309 804 20 942 967 961 554 258 740 170 175 171 990 627 0
946
946 569 310 331 347 0
421
421 984 580 616 558 126 0
668
986 738 299 278 568 551 920 37 212 518 888 833 729 117 0
1706
909 615 158 710 942 442 502 171 169 752 786 961 556 627 355 0
4741
264 303 832 386 628 149 839 767 450 568 540 203 129 784 77 875 715 734 0
929
838 929 122 452 294 571 118 0
2627
409 743 737 444 567 310 653 268 601 882 81 0
865
483 215 749 865 459 0
916
433 325 586 633 330 378 957 0
860
840 356 576 669 611 840 191 0
706
706 847 764 360 486 120 6 560 0
2865
635 48 990 522 116 36 229 302 491 665 182 258 14 98 262 482 55 807 804 0
615
919 924 430 791 874 608 476 701 491 312 943 983 536 85 36 188 615 162 0
952
952 807 594 442 951 0
2115
968 296 484 705 938 469 629 404 23 392 154 940 169 537 38 0
1177
724 766 802 598 278 705 667 190 587 237 509 221 42 231 0
49
49 801 554 886 0
380
889 827 716 863 698 797 447 917 712 372 33 380 223 527 545 232 867 0
583
583 690 585 659 76 0
985
480 306 906 170 105 985 367 0
940
519 940 409 37 413 930 177 331 177 136 828 854 122 272 43 217 0
886
875 310 381 833 230 659 296 822 624 47 362 762 323 798 32 454 422 0
1066
521 879 12 943 140 197 56 123 784 459 215 57 0
852
852 650 985 514 0
2503
778 460 840 350 666 39 275 259 145 870 995 415 434 341 885 465 335 253 254 529 0
488
568 367 978 362 488 225 407 363 647 129 0
1692
229 139 947 802 31 45 980 446 622 368 619 302 378 573 392 340 190 102 0
1681
903 337 95 496 251 696 462 265 612 573 45 268 39 526 989 823 713 0
797
807 623 934 859 179 843 500 228 797 363 0
2576
251 919 321 569 58 841 37 394 581 931 816 969 0
64
64 897 779 395 219 759 640 0
2087
352 91 590 374 494 815 250 51 748 458 247 684 924 582 954 618 952 817 272 261 0
77
76 3 52 208 491 0
2758
138 986 449 972 887 158 814 586 398 196 353 651 949 840 31 222 671 186 0
570
158 82 483 687 981 455 325 123 16 190 85 622 570 278 694 691 722 0
442
923 131 587 435 584 479 815 14 527 30 651 412 951 557 251 965 0
815
814 241 589 0
357
77 923 931 46 79 664 311 0
838
838 246 0
1091
981 462 28 443 629 419 193 0
684
523 491 600 374 684 468 62 341 256 0
948
391 424 217 822 599 292 537 6 312 668 562 409 546 110 939 145 548 320 59 0
1359
376 847 411 177 870 373 335 0
1242
104 341 376 170 765 525 201 227 0
383
383 849 162 498 799 0
339
727 956 559 941 339 0
2173
775 127 725 731 454 971 495 183 515 806 218 325 303 725 552 339 765 0
1515
210 470 428 302 17 295 252 786 721 662 551 948 0
2252
290 191 370 983 118 771 54 374 896 41 139 122 759 938 293 0
953
583 407 62 59 890 894 862 621 674 692 0
260
789 500 260 620 942 853 244 415 705 907 433 96 0
114
747 469 114 947 519 288 835 0
1015
672 970 340 932 641 997 714 721 840 397 156 945 216 190 714 226 159 301 299 981 0
978
978 943 453 0
383
985 369 573 616 460 166 170 366 570 383 283 0
227
261 413 227 0
440
440 306 389 79 767 667 0
1770
836 547 491 302 131 202 117 160 335 782 862 149 106 945 257 543 517 0
1001
726 470 507 378 648 213 483 491 632 391 623 474 956 964 0
2131
773 751 125 656 305 304 204 217 503 42 568 362 45 223 747 858 363 0
487
487 45 561 727 956 230 960 0
2031
699 978 241 843 574 173 830 480 23 981 296 611 691 257 30 184 0
1677
162 597 70 196 951 927 545 945 845 576 440 989 860 256 948 0
111
111 913 998 645 362 305 973 512 15 548 499 302 729 0
16
16 288 51 294 892 145 0
538
538 57 314 827 103 449 489 471 868 747 49 75 564 0
545
938 596 147 963 441 758 554 666 104 668 60 0
1124
826 919 213 605 542 236 837 138 329 773 918 256 802 66 0
199
199 995 257 0
945
487 122 936 733 714 870 240 716 435 458 898 434 288 663 31 124 0
3424
246 360 583 256 491 289 769 823 403 220 522 359 698 419 745 564 504 0
976
87 505 752 424 47 964 489 586 292 200 39 0
1861
179 752 275 103 61 30 117 338 71 939 913 742 283 392 839 343 216 197 70 733 0
1593
481 497 102 576 412 876 474 124 461 114 148 608 46 750 268 444 362 0
957
182 548 544 303 472 507 831 579 179 269 193 327 72 699 7 510 0
2265
58 752 73 528 362 993 572 570 204 912 755 796 585 125 563 151 800 395 0
3235
922 837 28 488 518 603 119 420 125 308 381 459 120 930 194 935 837 469 719 0
868
237 585 1 41 37 32 959 392 838 20 102 233 97 124 443 661 0
3956
246 679 59 913 434 314 238 272 860 248 802 217 26 968 276 783 103 117 865 516 0
2814
548 832 441 249 225 532 303 589 744 911 914 931 268 960 0
1312
696 593 443 306 948 364 848 0
2250
624 255 928 196 35 937 656 755 312 12 808 0
2707
947 518 694 956 708 723 121 989 360 619 210 854 984 640 29 0
694
694 598 0
1277
961 390 614 273 892 299 292 0
245
245 2 473 827 711 0
714
787 300 317 578 523 461 653 479 425 191 848 336 552 0
780
981 610 857 439 283 341 870 651 193 249 210 0
547
598 393 450 97 364 756 0
1894
722 505 10 195 667 649 629 588 0
789
789 870 807 0
1467
184 788 869 99 753 539 735 984 505 646 869 299 77 0
584
883 279 109 293 513 584 295 301 859 316 380 523 466 517 240 0
1588
124 555 157 359 431 944 912 213 647 278 468 765 59 922 449 0
291
291 452 530 0
1190
519 834 964 643 270 485 916 277 136 244 372 90 942 738 629 81 0
1582
915 468 659 525 878 743 32 529 308 608 811 257 446 419 528 0
2735
162 870 679 942 861 249 729 782 339 10 316 908 163 0
510
779 810 763 770 510 0
1978
734 257 867 732 387 872 441 832 293 143 493 626 226 163 685 0
186
138 658 114 289 186 0
301
301 978 305 847 805 191 452 326 977 248 866 0
21
608 992 21 880 0
1742
858 330 739 653 686 249 129 516 829 723 368 370 138 0
1626
925 701 635 997 332 854 897 97 504 671 226 802 0
1637
947 11 253 728 91 384 394 15 439 221 958 318 764 580 199 856 642 948 257 0
987
347 745 184 763 487 446 583 337 304 237 650 364 883 462 924 858 0
3433
604 830 502 421 783 429 777 346 321 598 499 445 293 91 518 77 537 0
757
757 195 184 31 848 0
659
796 705 435 224 89 258 665 696 897 86 989 0
895
591 656 895 175 300 171 202 636 900 0
1795
798 552 995 445 558 286 743 516 569 976 0
760
25 451 735 743 956 153 0
3252
365 676 5 680 94 963 944 630 285 663 837 662 70 880 169 97 577 498 724 590 0
798
272 264 775 526 566 999 397 960 0
460
268 331 271 573 925 665 832 225 966 753 273 154 634 841 724 235 991 0
2775
981 84 834 134 649 12 522 381 468 981 648 753 188 876 155 408 787 0
1016
341 457 675 857 0
542
334 82 697 433 526 425 349 329 180 358 945 27 575 0
3332
587 949 781 358 766 452 384 974 424 145 892 723 264 604 0
346
476 3 987 704 637 822 176 597 346 0
59
59 321 595 248 0
152
531 47 21 837 393 655 716 292 465 152 499 592 878 301 482 696 922 301 149 679 0
53
53 185 668 105 142 709 730 948 266 835 488 529 587 0
1760
869 912 452 561 806 330 803 736 722 605 477 595 726 351 313 194 0
549
106 849 102 447 17 7 568 496 862 167 797 465 918 0
1790
522 571 514 51 931 881 754 141 282 742 978 419 460 464 905 487 368 0
881
881 398 0
722
635 889 811 629 596 905 19 718 87 910 23 132 684 686 766 935 0
910
543 986 815 275 819 434 970 528 68 247 143 806 730 359 260 129 663 482 747 893 0
327
327 417 256 551 887 690 199 662 0
14
783 462 501 786 480 590 426 492 119 483 14 62 20 424 0
66
66 3 195 122 93 0
2176
791 172 45 777 848 551 348 3 590 0
1150
809 500 831 119 341 491 3 918 0
1138
300 825 692 447 987 843 313 105 548 74 36 302 954 686 0
465
342 703 341 466 735 422 504 216 540 381 249 0
1606
712 894 847 957 640 672 251 0
1085
685 540 36 542 595 426 257 754 824 80 400 167 18 42 327 747 135 836 50 0
2831
644 283 435 811 220 419 764 33 252 893 435 149 185 1 203 929 0
1330
931 427 434 264 903 282 162 669 27 423 219 543 587 294 264 0
2595
195 384 353 503 53 433 794 858 311 487 584 929 380 687 246 0
976
440 123 536 181 44 0
951
233 123 108 457 820 106 434 450 266 385 135 127 105 431 160 349 0
2392
471 396 377 443 813 570 361 283 794 628 132 185 590 845 44 559 875 574 0
443
17 195 114 725 213 316 127 349 862 314 878 38 144 428 844 480 942 944 0
669
669 98 893 14 382 870 50 294 184 497 275 736 75 0
260
260 353 684 533 0
1374
585 2 281 321 123 140 396 932 805 166 192 683 790 994 382 588 343 0
2757
343 181 917 775 80 905 432 95 822 691 746 79 878 376 618 424 197 315 7 0
1261
87 712 149 829 882 847 532 46 222 414 657 209 730 650 0
1590
458 623 800 42 905 462 763 222 193 328 0
3949
831 207 224 570 219 51 449 825 984 430 866 663 779 206 816 712 326 406 575 0
363
512 910 251 363 556 924 352 838 543 0
1480
301 727 228 650 40 48 456 810 818 75 938 238 194 951 262 848 857 0
571
86 662 105 485 780 252 0
408
634 184 408 124 858 0
694
121 446 927 694 803 169 681 349 424 0
963
14 518 963 0
87
87 912 282 668 153 0
706
846 706 933 321 400 448 0
610
461 689 74 149 18 477 531 744 0
647
647 942 170 0
282
618 709 679 245 568 863 206 637 937 515 117 979 165 273 235 0
754
571 969 753 599 417 124 143 393 522 361 601 22 442 356 615 754 543 0
296
296 141 0
1192
796 464 982 504 623 546 142 26 666 795 288 904 711 126 305 0
937
819 175 63 980 92 549 424 778 500 240 883 123 937 557 310 0
131
130 262 817 25 540 370 0
579
70 423 696 549 483 579 819 0
3140
495 927 304 786 994 292 977 313 653 42 183 868 166 403 668 732 682 133 349 0
1773
343 30 940 238 267 600 907 172 167 134 689 271 173 422 997 615 22 0
1646
961 939 680 121 290 156 8 872 864 816 255 575 899 465 374 941 241 293 0
132
132 272 60 979 882 100 341 936 0
786
786 618 0
2521
797 764 361 958 189 614 640 140 225 692 724 843 929 828 599 975 690 0
725
769 110 704 725 330 723 0
1841
107 916 716 516 826 629 710 820 64 887 800 2 442 539 309 238 0
155
155 231 916 0
3169
224 689 140 610 695 349 908 854 96 521 39 228 336 262 770 230 0
1759
637 898 587 858 795 122 842 0
894
643 879 508 592 283 813 11 484 399 386 49 0
932
262 408 416 716 612 181 78 603 289 452 186 544 330 59 773 30 954 854 0
1790
289 737 570 654 351 863 182 429 468 443 160 964 801 160 571 83 357 436 567 0
1512
636 802 719 28 911 993 8 786 565 654 793 323 977 807 146 0
781
781 362 592 0
326
436 417 979 326 746 565 341 310 0
1129
170 503 573 815 144 755 39 104 314 709 0
1931
620 953 664 89 725 862 191 973 430 116 892 819 886 104 259 653 994 64 0
870
870 781 931 749 436 694 555 183 576 225 794 383 0
1736
823 762 225 550 191 187 745 380 913 914 991 0
299
216 299 154 688 669 895 800 138 0
726
338 814 770 959 848 217 520 493 21 726 306 536 193 399 542 313 72 400 41 244 0
499
460 191 657 201 207 299 322 696 16 986 166 447 703 52 532 451 542 890 122 0
329
329 210 0
1105
247 842 67 702 665 791 0
3401
572 861 913 101 39 51 269 878 563 66 265 710 305 866 871 502 460 902 484 0
3694
523 664 212 787 592 815 194 663 721 979 333 960 695 396 526 400 59 676 810 20 0
929
834 305 737 410 117 812 0
25
25 588 272 255 318 172 0
448
981 40 287 177 562 448 394 838 354 949 691 0
2187
523 500 94 552 371 154 452 649 26 928 675 835 284 267 348 670 135 0
149
228 418 368 931 36 209 421 164 883 971 96 905 975 326 113 0
1431
59 847 578 50 466 65 584 582 874 691 209 417 0
1236
395 576 841 284 853 68 888 468 987 635 0
673
356 862 84 85 934 614 673 0
3354
678 174 962 533 883 901 887 568 329 218 941 897 660 773 385 625 0
517
517 136 0
617
361 605 171 237 907 744 754 617 130 0
2030
352 737 215 212 764 810 768 73 265 673 558 972 241 613 571 280 374 0
655
307 548 847 82 442 107 160 270 34 360 997 0
870
870 22 732 323 421 615 971 773 730 831 0
1681
307 933 353 807 812 658 908 634 286 442 36 382 907 773 0
931
101 244 772 768 110 595 214 186 850 463 87 306 254 846 0
363
140 223 820 469 125 951 565 612 134 630 970 864 207 97 368 396 33 204 693 694 0
1919
645 925 829 445 336 307 805 880 245 695 550 452 843 580 0
627
117 82 240 162 837 999 523 302 553 354 325 257 225 89 160 683 356 0
595
595 208 150 0
1511
666 948 203 130 901 884 845 0
1240
811 714 619 415 383 154 159 337 963 752 626 867 949 139 52 488 228 0
2071
846 209 373 664 375 788 643 650 119 967 367 0
976
900 833 806 27 625 808 109 519 119 348 560 386 677 345 0
2141
238 787 551 269 639 955 396 763 48 259 670 524 379 625 247 69 112 665 468 992 0
278
667 636 244 524 34 955 730 406 0
248
587 640 798 231 132 553 524 510 147 248 947 393 489 0
1554
392 514 850 559 346 455 878 81 115 668 457 85 320 490 544 356 0
1331
589 742 850 482 141 475 808 845 0
956
682 956 391 822 0
677
366 823 120 311 267 548 757 477 139 865 123 385 124 806 411 304 633 514 976 0
2120
244 599 460 469 863 276 595 949 566 816 948 706 573 0
132
44 499 490 132 380 389 1 66 176 234 792 0
912
912 661 0
2335
888 995 57 63 941 357 371 517 930 0
846
157 749 525 579 849 846 523 515 0
1364
44 717 141 500 938 180 536 462 492 814 426 966 0
2126
767 28 960 44 921 259 965 370 387 237 137 621 59 410 704 0
1332
190 925 15 952 333 829 382 135 703 756 946 172 59 340 51 794 145 0
159
159 819 901 0
748
385 593 419 329 0
94
276 456 951 545 135 79 498 242 85 104 15 89 0
1538
607 268 662 649 289 507 836 227 869 407 280 188 603 73 698 235 193 0
1806
855 328 780 635 455 816 14 769 134 24 872 265 51 808 880 472 0
425
799 19 936 591 425 95 0
2877
930 992 604 307 157 556 151 712 328 141 687 566 868 719 741 264 411 0
15
15 370 715 158 0
700
313 218 779 270 353 760 482 480 197 614 719 621 47 430 381 0
920
412 304 155 760 732 818 515 152 213 789 52 159 0
1631
101 3 25 611 392 836 580 223 712 127 764 659 91 430 74 786 0
1173
789 698 984 707 654 384 419 0
956
32 706 143 612 280 227 956 527 521 766 0
2807
864 125 739 784 223 627 187 924 753 268 822 470 866 793 584 524 452 0
3399
909 189 816 412 856 959 743 113 377 445 37 723 285 762 521 574 723 934 151 0
7
7 533 798 681 464 0
1441
887 554 921 888 863 665 740 665 297 290 503 590 0
991
990 94 730 729 198 7 0
403
403 481 938 517 642 944 0
651
254 397 282 803 851 97 106 588 637 766 0
121
423 80 106 741 231 741 342 1 225 121 545 581 195 721 914 0
57
57 982 845 312 976 792 318 133 438 426 126 0
262
210 643 130 206 52 16 72 934 456 914 509 720 565 240 0
553
553 635 54 908 208 100 0
880
224 656 891 260 75 199 671 0
2775
868 119 278 332 805 488 199 702 583 14 311 907 373 988 683 546 131 548 562 688 0
1557
894 615 533 118 268 701 390 220 198 804 464 0
939
129 662 939 494 963 971 577 334 0
1504
816 777 158 328 633 197 924 226 112 642 847 862 969 468 131 125 383 0
1217
259 199 969 249 692 11 810 38 930 571 723 8 779 198 0
1175
818 801 233 124 101 693 0
806
806 2 318 316 471 256 112 918 915 0
901
980 901 0
890
901 32 451 838 389 814 716 509 395 585 623 781 459 782 351 302 267 3 0
1217
840 828 309 955 375 842 14 983 770 803 568 570 284 168 262 775 0
416
603 125 297 843 133 176 624 330 323 416 0
1534
317 98 361 806 179 457 466 534 487 889 153 751 778 433 296 602 762 534 776 0
866
673 152 866 445 1 232 0
399
399 404 477 222 292 822 0
134
613 134 410 740 0
381
254 742 907 381 91 42 455 208 887 486 710 272 413 576 38 0
1566
291 808 7 643 310 686 794 503 888 663 962 257 355 704 873 87 700 427 115 0
1683
143 475 922 940 645 761 874 169 0
1367
723 797 743 198 498 587 133 473 849 183 570 970 761 356 768 959 220 525 79 562 0
1121
867 916 816 92 78 17 386 557 572 473 418 305 926 971 266 152 609 375 682 0
1589
759 325 986 830 0
570
570 198 0
599
599 206 296 0
2508
323 951 25 600 830 376 905 216 747 197 210 165 409 0
424
423 88 883 0
711
711 618 440 139 0
628
478 521 953 628 630 561 0
1353
984 57 601 549 454 237 37 356 497 776 369 207 822 184 919 0
622
622 720 221 0
76
636 76 96 926 347 889 0
1380
84 696 602 601 220 862 704 778 674 522 411 547 20 326 548 936 0
1525
352 489 576 887 590 265 223 477 672 969 475 783 555 963 950 86 289 970 21 144 0
408
408 525 608 667 53 292 933 555 0
1460
897 276 147 888 588 872 48 331 993 375 475 529 146 0
455
419 455 25 884 740 0
1771
189 576 957 778 633 663 151 590 0
969
454 689 986 200 457 953 254 105 78 969 0
1107
975 433 498 495 980 542 244 825 333 564 507 389 584 368 370 129 278 420 862 862 0
2084
123 151 943 307 539 5 829 602 100 318 198 883 801 58 957 60 0
3180
210 679 361 443 898 350 782 449 897 767 656 516 738 708 728 92 0
720
489 640 2 1 510 963 79 423 300 226 935 718 0
1534
74 910 425 91 830 704 473 0
745
104 745 381 752 306 0
4282
242 378 358 334 771 458 742 335 716 51 348 118 280 719 310 58 88 833 324 0
814
814 327 105 728 488 0
2335
321 977 499 7 9 954 228 830 151 261 359 640 640 733 341 706 991 949 382 387 0
1733
60 43 217 319 413 728 641 78 363 69 629 127 399 131 441 888 0
2940
930 562 986 496 941 629 11 214 0
810
349 593 311 810 0
1235
969 390 27 139 404 520 831 271 32 817 933 312 0
505
505 983 404 4 875 0
2057
330 318 657 723 925 868 720 857 144 673 752 401 861 677 595 0
925
925 406 21 540 0
1634
725 163 923 699 954 184 467 909 454 184 452 761 925 637 76 908 408 0
331
331 493 742 946 744 418 614 235 952 491 0
3970
990 453 508 584 868 964 870 680 393 891 607 448 177 61 669 0
2061
378 679 263 465 346 580 712 683 699 469 0
979
411 306 877 545 673 923 170 410 270 0
1310
112 995 630 402 269 300 1 490 314 852 685 0
282
114 25 158 267 124 864 939 787 529 6 0
577
723 965 215 333 877 450 577 265 677 712 997 925 884 0
1402
542 500 360 602 74 448 16 0
123
123 833 0
2536
230 315 518 141 296 281 688 475 639 881 933 124 48 789 817 945 415 980 672 428 0
350
427 579 436 284 945 164 838 758 619 358 483 210 103 133 8 114 780 80 756 446 0
610
610 635 170 60 533 0
655
655 932 363 0
90
89 811 101 40 0
1010
481 918 529 249 448 406 0
822
596 101 393 30 988 902 170 988 822 0
1989
658 213 300 604 207 727 44 343 0
244
243 566 0
1834
181 593 637 997 791 690 43 20 794 954 229 99 229 0
537
794 537 472 574 606 75 217 773 579 0
1803
806 835 911 514 19 351 537 985 832 92 560 984 733 416 819 0
671
625 288 561 336 89 359 335 522 0
1042
476 462 180 397 686 715 307 848 735 0
805
805 526 803 149 605 0
846
146 338 707 15 907 54 133 698 674 46 375 809 893 0
430
498 899 491 430 415 123 277 0
127
127 184 327 912 56 100 901 541 210 272 0
1255
731 114 47 658 268 951 329 29 88 0
927
905 584 927 107 229 910 139 41 881 897 331 546 448 529 348 90 0
814
673 82 975 578 244 959 264 958 814 657 817 381 687 426 595 0
383
986 255 960 913 831 741 400 867 472 383 675 0
753
753 728 684 14 746 831 241 713 250 481 0
25
25 329 795 0
1888
674 283 644 162 543 656 708 792 356 989 200 0
1896
942 304 445 818 430 501 928 431 730 960 766 615 650 614 574 461 0
1737
765 104 597 388 823 90 370 458 74 911 177 18 151 844 683 380 857 406 524 54 0
870
861 539 252 48 596 427 869 282 822 773 820 477 64 266 0
565
50 283 565 0
346
249 346 874 695 470 553 417 630 984 697 0
1385
962 334 649 574 311 463 734 926 720 976 660 551 616 407 923 354 796 616 23 659 0
122
122 31 0
271
586 950 797 990 271 627 857 784 597 796 0
1402
705 546 542 470 680 712 676 53 860 321 900 371 0
3331
832 163 776 53 639 738 243 687 295 83 277 743 453 886 627 895 321 524 869 13 0
30
750 30 921 346 798 0
930
930 127 229 26 37 33 416 892 851 512 373 0
791
385 51 619 825 534 651 402 337 753 233 644 172 747 852 866 824 620 0
943
957 481 126 876 271 943 743 379 394 0
608
608 922 90 0
1340
632 36 413 818 219 481 550 522 898 243 613 218 0
422
188 422 281 908 872 0
277
865 499 333 616 451 813 122 63 129 305 187 231 78 808 659 440 51 46 638 985 0
986
517 357 374 420 115 278 179 708 986 624 0
1325
585 78 519 728 959 739 758 0
842
568 18 399 33 473 261 720 824 189 217 197 984 328 877 425 523 0
1505
540 912 583 27 469 761 309 979 117 184 219 531 917 30 0
742
741 192 688 874 771 85 677 284 854 413 173 308 148 130 940 0
291
730 691 864 34 200 610 430 453 882 91 0
