100 100 100
15 41 89
11 94 26
5 75 66
9 58 57
13 98 88
3 68 45
5 52 42
5 24 48
13 60 34
7 91 49
15 53 90
1 29 36
3 65 12
15 86 22
7 33 20
5 89 41
5 39 93
15 45 18
13 14 30
5 42 21
9 36 74
5 24 55
11 37 73
3 17 59
11 54 92
9 31 81
15 1 72
3 17 18
7 81 32
7 80 26
11 80 15
3 70 39
1 97 76
9 87 93
13 0 99
9 33 30
3 7 83
5 74 0
5 12 34
1 31 66
11 24 47
1 92 69
1 67 18
13 67 58
13 74 58
3 73 91
15 58 50
3 16 76
11 91 40
5 51 24
11 90 48
1 91 92
7 84 59
5 53 78
5 15 52
3 29 78
7 74 36
13 54 52
5 34 96
3 1 99
7 34 89
5 14 33
7 67 17
13 39 22
3 69 37
15 9 67
15 40 93
7 73 47
1 35 33
11 37 34
9 15 68
3 89 34
11 8 54
9 39 93
11 96 63
7 57 72
11 97 65
9 25 90
3 57 77
11 86 66
1 14 81
11 31 23
13 34 31
11 5 70
11 47 18
5 30 76
15 80 25
1 75 50
9 17 59
11 44 45
3 54 59
5 37 91
13 6 77
11 77 82
7 93 81
15 25 11
13 81 43
15 54 18
11 17 87
11 58 32
