24.017 35.404
18.111 32.567
17.841 32.609
17.455 32.352
18.003 34.05
17.802 32.624
17.841 32.037
17.558 32.145
17.648 33.19
18.075 32.316
19.097 35.247
19.555 35.794
19.228 36.172
18.601 34.081
18.616 32.233
17.368 32.246
17.632 33.179
17.816 33.262
18.062 32.597
17.596 32.392
17.555 33.566
17.843 32.611
18.003 32.391
17.443 32.189
17.693 33.79
17.762 32.462
17.919 32.612
17.632 32.28
17.34 33.618
18.223 32.614
18.083 32.558
17.669 32.003
18.819 32.352
17.546 32.121
17.831 32.84
17.645 32.491
17.643 32.651
18.62 32.606
17.951 32.911
17.482 32.007
17.335 32.165
18.64 32.366
17.865 32.564
18.661 32.926
17.485 31.973
17.936 33.002
18.014 32.648
17.525 32.222
17.592 32.356
17.599 33.1
17.865 31.968
17.556 32.184
17.838 32.09
17.77 33.432
17.813 32.637
17.81 32.156
17.629 32
17.908 33.281
17.594 32.28
17.893 32.504
17.95 32.152
17.452 33.632
17.805 32.655
18.186 32.403
17.373 32.112
17.622 32.324
17.862 32.06
17.745 32.568
17.999 32.416
17.653 32.479
18.876 32.7
18.023 33.054
17.828 31.908
17.52 32.185
19.137 32.053
17.951 32.858
17.816 32.746
17.869 32.254
19.491 33.456
18.468 34.267
18.764 34.037
18.794 33.938
19.922 33.576
18.629 33.711
18.206 33.759
18.633 33.857
19.126 33.637
18.647 33.526
18.394 32.773
17.729 32.66
18.693 32.772
17.912 32.601
17.897 32.625
17.542 32.239
18.156 33.026
18.046 32.502
18.313 32.02
17.466 32.252
17.533 33.37
17.666 32.852
