100 100 100
81 94 24
89 72 11
59 89 92
79 37 10
93 76 56
53 5 2
91 27 43
7 31 22
7 81 32
55 1 90
79 10 84
19 29 8
13 55 98
31 28 87
85 94 15
37 10 20
35 48 0
75 67 83
15 38 64
83 49 18
91 55 80
49 86 62
63 80 69
91 14 97
93 62 44
15 67 54
79 73 54
45 75 21
69 0 60
75 9 61
81 8 16
69 91 54
25 35 34
9 29 0
97 62 63
87 59 82
31 80 55
15 53 31
47 9 31
33 82 92
25 25 0
1 1 91
85 38 79
85 93 60
37 98 23
19 46 34
69 53 66
25 61 19
57 91 80
79 33 63
73 84 40
31 56 93
99 82 32
39 42 77
43 55 75
99 31 74
27 89 27
1 55 88
63 3 32
87 35 65
45 6 2
21 30 58
81 97 40
51 43 82
35 1 38
33 35 21
29 2 63
57 36 18
33 88 73
3 73 8
97 21 67
39 62 49
27 48 46
49 14 41
87 9 94
79 32 29
43 81 84
45 57 20
9 74 8
91 74 82
73 40 55
21 56 17
67 34 65
7 0 31
81 53 93
31 43 77
53 7 59
73 34 68
89 31 94
65 2 69
85 33 9
93 83 18
15 30 52
27 27 5
77 65 58
3 49 53
35 63 13
97 13 99
51 83 31
29 14 85
