4
63    27    92    92
82   -81    93    -3
-75   -45   -69    60
83     9    95   -72
7
-16    87    41   -37   -63    36    17
84    36   -94    90    -2    31   -56
59    52   -45   -94   -11   -68    51
92    49   -91   -12    29   -77   -49
31   -22   -81   -24    42     0     1
-93    31    65    53    51    92    40
70   -66    39    59   -45   -32    79
8
92   -52    66    14    -6    20    83    93
9    86    17   -85   -98   -48   -70  -100
-73   -30    10   -90   -33    31    65    55
-70   -61    84     6   -68    38     8    64
-49   -50   -43    56    59    50   100    74
68    23    52    87   -38   -10   -85   -84
-49    -5    51   -74     6   -84   -12   -20
63   -30   -24    14   -67   -54   -79   -48
6
60   -73    25   -76    89   -78
-14    74   -30   -64    -2    56
83    16     3   -52    -2   -22
-64    10   -20   -17   -33   -52
-47   -71   -85   -91    80   -19
-71    71   -52    81   -26   -81
8
-74   -97   -41   -84     2    88   -54    85
89   -92    49    86    64    76    69   -14
92   -67   -63    55    59    10   -61   -63
15    30    38    -3    29    25   -55    81
-88    47   -64   -13   -24    17   -66    96
-53    30   -26   -11    63   -59   -55   -12
-30   -10    25   -39     7   -40   -13   -78
65     9    56     2   -30    -6   -38   -49
10
63   -69    31    41   -12   -45    51    68   -30   -85
82    95   -93   -94   -24    36   -49   -49    66   -90
-75    92    70   -45    53    31     1    63    17     6
83    -3    87   -91    59   -68    40   -52    10    56
27    60    36   -81   -63   -77    79    86    84    87
-81   -72    52    65    -2     0    92   -30   -43   -74
-45   -16    49    39   -11    92     9   -61    52    14
9    84   -22   -37    29   -32   -73   -50    51    -6
92    59    31    90    42    17   -70    23   -24   -98
93    92   -66   -94    51   -56   -49    -5    14   -33