99
sub 1430 6886 22 3348 1232 3648 7102 4296 9814 7563 9519 3923 9688 772 1120 1553 3237 4427 5287 8038 8155 7701 502 4595 327 9211 5501 4480 1427 5130 286 9943 8751 2518 7930 4368 5217 4244 8548 2706 1321 2348 1842 1384
sum 9196 8219 1930 947 5511 1632 710 284 764 5645 4954 4287 5242 6525 1900 7780 162 6742 437 8817 4890 182 2119 7363 2424 424 1691 7422 6504 9462 6524 450 8826 9723 373 548 3551 1248 3629 9918 8646 9002 1633 8647 3579 1733 7075 8216 9948 7408 9733 7012 4758 3603 5105 7877 4008 8755 2440 2598 2250 6273 9876 9520 9809 4856 376 2584 9538 8504 4068 551 8365 7435 4067 2137 6397 5121 2863 9659 9238 1350 8719 7343 5651 1232 5325 2639 6460 6405 6691 525 4863 8198 2453 2322 1535 5352 5998 4771
sub 585 3647 2026 5593 3740 7440 1077 9961 2104 9012 2744 1561 1727 6709 1658 6224 7036 2189 824 3962 2583
sub 8170 1944 6752 4042 9285 140 9361 5742 5411 4195 7116 4086 10000 975 2832 6509 3315 7334 6865 3066 6732 9171 3777 3903 7228 5246 1810 500 9419 1566 3849 1964 7381 5730 7153 2487 7670 721 2500 7144 5126 5605 5319 6888 115 3878 6661 7548 505 5248 4082 5156 7432 294 8346
sum 834 4942 1243 5407 3930 8704 6171 5281 9824 4319 4383 3395 7261 2108 1627 9842 6922 4598 5126 4512 1099 2869 3320 642 9474 6918 9086 1635 3837 279 7631 1458 9901 8063 6692 4733 2217 7987 4971 7876 5462 3792 9596 6757 4299 9996 7482 8003 7182 2215 5853 4698 131 999 8923 1095 3328 1903 46 4725 2903 2276 2278 2632 9945 278 2839 2077 573
sub 6663 8046 2031 8643 2693 9685
sub 7371 641 5707 9533 4057 3481 658 956 256 7059 3723 5584
sum 5397 8433 4653 922 966 3562 9529 5397 9912 1250 9696 2669 241 8864 6313 7343 9896 9901 1204 193 766 7928 616 2496 1524 1991 7543 7841 1808 1129 8471 641 8003 3667 4055 6955 5957 2330 6580 4691 2967 2167 520 5824 6079 1014 4600 6214 6930 552 1016 8421 5064 1740 2573 777 7167 1631 8927 4249 4802 4468 8628 8255 6821 1526 5630 9091 2001 3258 1838 4241 2983 6259 3707 6461 882 2675 9183 4079
sum 4878 4838 5489 5736 7236 9058 2926 2687 3106 2844 5036 1269
sub 8643 7057 5195 5308 592 53 2374 376 3630 9000 379 456 3503 2075 4622 2030 7051 511 1882 1416 8142 2563 7615 4793 8039 2236 2570 1587 4056 9558 6304 181 3096 1277 9590 3276 5207 7072 8843 5504 1411 9072 9922 7855 947 9798 1829 3412 2155 1856 3851 1523 5577 2755 5831 9811 6276 3327 3597 2600 5389 2475 6703 5006 5403 6708 9445 7594 238 5493 2068 9809 2899 3890 7211 8391 496 8783 7415 3172 3706 7405 1926 2694 9561 9199 1413 8187 9772 7748 722 466
sub 209 7910 6386 137 8116 7023 9300 7149 3046 2320 5790 2378 6442 8726 4820 2616 4335 6806 6177 6400 8273 449 8313 4373 5766 5604 3495 4317 9508 1166 4107 9316 3161 4661 6933 1559 1046 19 744 6222 4650 7080 2321 7722 7306 9689 6866 1712 1248 351 6873 5119 7784 6177 2030 6933 5995 9998 5246 2294 3772 8666 6327 2358 8241 4336 765 2471 6408 1967 3849 2017 4393 1443 3093 3549 3281 4564 498 7133 3162 397 5933 5808 7437 3726 4597 9596
sum 8422 5207 6653 38 523 1036 8307 6562 7203 3106 8924 2411 2633 8959 7197 1604 1535 522
sum 8802 5058 8015 6841 1855 6688 6940 9402 7406 2962 3592 5648 3723 851
sub 3532 5796 854 1505 5632 731 6049 3358 2040 6589 8152 1538 6679 5275 4068 5 4071 1261 8392 8417 445 245 7024 2614 5 8282 2849 2091 2978 4698 8288 1569 3112 499 3552 2649 6567 3053 4556 975 7285 6805 1462 238 4854 3177
sum 3347 2161 8750 3351 5867 7705 7737 6290 3925 866 1759 1413 8083 4782 4613 1572 1764 8596 5946 9549
sum 2240 8361 8974 9391 1503 1065 757 6631 6053 542 1829 1004 3722 4238 5120 1791 9094 9225 2673 6674 636 865 1000 9578 226 6197 8441 4185 2222 6777 4526 5661 6863 5537 5224 3716 4525 5162 1914 8480 3481 8032 6694 4450 5344 5921 2505 1202 7661 9908 6209 9549 4434 2717 2057 1827 2327 5452 1308 8193 6738 4980 1212 8873 1033 2225 7836 2568 9715 1452 8687 5836 100
sub 8747 4764 4852 3450 6139 1030 3757 8177 159 1043 840 4413 3013 196 9038 4985 2191 5728 883 1435 7104 2855 2304 7827 2792 5372 7702 4266 4548 3791 665 8649 5265 6068 2497 6218 8303 582 1412 4201 9825 4702 1362 4057 6116 3079 8054 6068 111 5598 6227 2635 2806 5925 6586 8194 4650 9968 6691 4678 1966 3459 9068 3404 491 5217 3635 3607 5368 425 6618
sub 2582 6484 7050 88 9541 3293 4840 3764 7394 1588 6794 7171 3159 1101 5620 7990 3848 38 1545 4178 1797 3366 5402 8800 5578 9118 5074 6511 1222 1106 5288 1654 3734 7244 5049 2623
sub 3564 4553 1274 9802 7020 4595 2968 4988 6001 547 294 9914 2088 3242 9761 4420 2365 4152 7926 7579 1848 9644 4661 8008 2145 994 144 4172 8072 8443 3220 6846 953 9001 5865 8068 957 6508 7550 8136 7216 2410 8940 6263 8066 8252 2087 6198 3998 5631 2145 963 9052 6947 3452 2910 4942 7561 7382 2166 3442 5476 7157 8622 7701 4277 6137 8603 146 310 7362 6302 825 8787 5112 7876 5128 1503 6251 5123 9217 2966 3824 7293 3579 3809 8565 2802 9851 2739
sum 4079 392 5344 133 8186 7146 7232 6937 662 4905 6652 3232 3139 6 489 1319 6229 4034 4570 77 3390 2716 7661 2367 3453 9882 1993 7128 2254 270 6817 8786 2969 9654 5936 1288 8765 6721 6170 1909 9708 7934 690 1307 1383 1516 2452 6476 7155 6676 6563 8579 8339 2084 8524 2535 2294 793 2285 9496 2285 4543 2713 7173
sum 874 5508 9484 5533 2905 2903 9026 8537 3006 5364 7533 3882 4723 3771 2055 7938 1067 7835 7859 631 3159 2982 1023 6437 716 7679 8229 2302 2360 6144 9276 6516 361 6552 7894 2937 3741 2616 1484 1829 918 1638 4480 26 6731 2469 2380 3362 5179 4748 4966 272 5722 3914 6162 2676 7882 4671 3115 8177 1122 3328 5124 5200 1153 8936 9707 3407 679 7054 20 4427 7239 1589 5393 755 4246 1325 710 7229 9784 3150 6359 3570 7768 4375 7064 4115 7107
sub 3620 3477 9663 8858 6572 2735 8572 2609 2068 7601 4 3168 4450 4099 5311 8831 9230 8746 6227 6926 9787 8496 3799 3480 2680 8265 8424 8678 2387 8270 2350 5151 3500 4072 2161 5922 8015 1145 5534 9038 3632 261 1330 2294 8752 6359 8118 861 963 5284 2546 3743 2788 4247 8853 8697 2109 5287 1727 8789 9570 9507 2610 8908 2273 4960 8382 1830 8416 679 2358 2345 697 7353 6970 6069 160 8198 6725 1239 2122 147
sub 2255 995 8457 9117 9781 9851 9439 8012 2004 2744 9118 2057 2282 72 6432 458 2633 2191 5741 5102 2687 9445 2348 4289 5771 6524 7539 1698 8461 441 2378 790 7414 5426 8624 8300 3206 4843 1077 9795 4774 8167 1215 941 2694 6275 7725 220 2557 9260 4838 9093 5203 1746 26 9586 4179 4798 3895 422 6382 8971 8721 8909 8992 6309 593
sub 560 3949 420 4459 6984 3467 1116 1619 4017 4224 658 7756 2018 7438 8082 671 9641 4815 4654 4424 1977 6058 2046 9115 3180 4911 3401 1985 2377 2528 2210 4672 4706 3137 1767 3615 1428 4601 9060 8464 4978 1201 4144 7592 8862 3787 2284 9403 384 7601 5026 8105 6335 8456 3185 7772 2394 111 9443 1833 1684 1229 132 3334 9624 2567 5782 1828 285 7509 5994 516 1653 4 355 7404 1971 1061 2836 6828
sum 7360 1735 1640 737 9667 4114 8871 9562 6743 1004 7776 1482 2148 3465 2297 6709 5538 9127 2306 305 9590 8484 7770 9764 97 1263
sub 3912 7968 4783 3443 84
sum 1187 1007 3965 1216 1809 8905 3472 7988 2237 5128 8175 7120 5049 8648 9808 2796 9739 6736 4363 7874 152 4240 7512 4246 1729 5078 8492 4455 9297 2760
sub 548 5936 6561 973 420 6834 6414 679 3844 2392 2927 3123 1444 1085 6902 3613 5014 768 6334 2207 9687 3725 7696 2895 1350 3410 9189 4543 3214 540 5695 2462 960 7929 727 1559 565 7035 8512 5233 9109 6478 5541 6748 2004 8894 4945 2109 9503 9772 9399 8425 1898 618 396 5717 2644 6903 7672 3808 7106 3121 5120 4192 2551 1379 3175 2093 5197
sum 9292 7767 9134 4486 1839 1676 3712 9974 1129 6266 7217 6447 521 3629 1524 4634 12 4665 5533 4970 8417 3428 1322 6177 1070 1319 2665 2968 2513 5047 4424 9645 4285 6480 8563 7819 1354 3191 2779 8467 2841 5295 9619 5484 5435 561 4177 6463 1343 6158 1257 1701 6411 714 6033
sub 5719 4611 4293 8457 9690 1548 5256 2669 6077 2179 8718 3951 2587 3398 6699 431 744 4409 9638 4739 3394 6376 673 3529 8324 6951 9133 6006 2512 3738 5730 8183 1133 2021 9217 201 6477 8050 8709 5157 9843 6617 1009 7401 6453 8473 6920 2583 6463 5472 1624 7416
sub 8029 9707 1001 236 2591 57 8446 994 5957 1312 2640 8919 9399 2669 8841 7358 2367 6252 2458 7720 5345 6880 214 974 7348 1769 5991 1435 7575 4326 1641 2011 3558 2979 9251 2420 817 6062 4214 2717 4042 5382 1183 7479 1616 5422 756 8504 1160 8716 3832
sub 4970 1548 9470 3235 1485 4266 4612 444 9262 2242 3506 1027 8532 6763 9553 7674 8923 534 8362 5989 1634 1228 2917 3299 8191 6744 7818 7694 6333 9739 2799 9416 8897 9740 8126 5805 6250 8688 6534 3837 2366 4646 6840 176 1515 2456 8608 3844 950 1432 4040 8244 7867 5869 5841 1462 5353 7402 2761 8839 9444 3941 1778 1580 525 1852 1174 2255 1607 8051
sum 3953 3340 2270 2246 9163 9410 1301 3429 6332 2540 7636 4281 7370 2367 7131 8244 393 8344 5330 2971 3880 1600 6371 651 9128 5495 8449 6812 1359 3609 1560 93 7271 3358 7359 9980 8673 4867 3036 118 6659 8975 5397 3550 7222 7676 3060 899 5265 4021 1415 7201 3736 4806 5736 2877 1381 1590 2611 9677 3098 3546 1034 232 1914
sub 7621 6562 1293 1194 5485 931 1932 6404 4239 5526 1205 2938 1805 5501 2200 1444 7377 2421 5342 5480 9629 8608 7134 9159 7020 5439 206 4753 9922 4886 1290 919 2621
sub 2373 694 5555 1444 5335 8799 8647 6532 1468 5692 2337 5661 1442 8085 8842 1917 7661 7392 9533 6904 6420 9281 8020 5630 4792 67 3360 3059 9736 3937 4837 5616 1326 7558 8811 2563 4169 5656 6732 8628 8099 702 3355 3260 3032 5412 2925 173 3552 7776 1993 6223 8322 8402 8739 8782 5204 4991 6387 3864 2312 7552 5081 7557 8611 7479 6387 6414 8781 1971 959 4924 1489 6278 1838 9929 3434 4182 5626 2678 6405 7508 9530 2019 1623 2294 2049 29 6495 3075 3186 9762 1432 2659 8950 7495 7410 2509 1379 9139
sum 3526 2546 9519 5272 2945 2849 7172 723 1685 3397 3158 8435 7556 708 3152 375 2365 7727 1150 6116 7622 119 1652 4424 9784 9774 1182 1525 1524 1250 4279 4666 4890 16 985 5658 3713 3575 4366 97 4103 7049 2730 4757 3365 7547 8098 8031 1718 8859 2575 5499 2667 382 5894 5045 7479 132 1540 4055 9199 2747 2780 7351 6534 5551 9432 4999 1349
sub 3341 4140 1456 7726 8563 4421 3864 1717 4915 3805 107 1683 493 6999 8245 2672 5454 2953 2302 4843 4742 4187 5233 6758 4867 3728 7060 7614 8742 466 5268 7596 8521 2373 2431 5491 1525 8357 6009 7631 9419
sub 3077 9961 1167 241 574 2558 915 8646 3900 587 6444 8093 717 3593 2766 6615 4742 7454 320 6540 802 6913 2111 4417 9827 5971 6389 6402 3997 5907
sub 7807 3410 367 1749 3782 2001 6038 1216 3499 946 2272 1258 7528 1408 967 3217 6474 4057 2042 8995 7335 4057 449 7081 5450 3814 965 5250 2864 5773 1541 9104 8903 2704 7199 4865 6546 9223 5075 6236 2113 3057 909 6265 7361
sum 2797 447 2122 6936 6914 4244 8704 8274 8725 121 7618 5351 4359 822 3620 927 10 8610 4826 1666 6056 8714 7340 3042 5146 198 9281 9001 1371 8751 2272 9897 976 751 9281 944 7891 4175 9398 1963 106 4225 6773 1274 5027 55 8318 9436 1125 2861 9116 5653 9571 5731 3736 3212 5256 1893 7093 2302 1969 299 7531 381 305
sub 184 5595 2609 2362 4450 8914 8419 4080 9579 2917 1113 1942 5202 8992 2332 28 8450 204 346 7299 9884 1866 3316 3563 6741 8468 8972 9060 1246 263 5545 7410 7119 1475 5092 3617 4161 2526 7049 9169 5747 8715 4610 837 153 6023 8621 2673 9514
sum 2886 1142 1673 9804 6409 2886 1821 1799 1189 9400 1729 8758 7535 9910 292 8300 5153 3314 6960 3674 9551 962 3644 3996 2847 4475 7091 8066 8980 184 2383 708 9624 3333 1068 3139 2937 1477 9062 5883 6987 1068 3567 1276 3355 5832 118 3444 7701 7911 3450 8305 621 7227 7776 5552 1790 9374 6761 695 8765 6439 4540 1644 2608 6590 7840 7088 3869 5132 4999 9451 3784 7974 3277 7736 864 5099 9570 100 3489 9453 7399 2930 4605 7773 1723 1156 2986 9850 3760 4046 6963 4426 6101 7148 1203
sub 6335 1220 1107 6050 8031 7654 94 8050 7516 8410 4266 573 3440 721 460 1133 5991 9900 2179 1115 2755 491 6393 980 1045 3631 2173 2884 6897 5217 900 9722 310 5952 4069 8119 2752 636 3965 2007 3679 4990 5595 1134 5941 1869 10 9441 2377 8967 4666
sum 9865 6050 3772 2131 1177 5113 6782 8929 1488 4576 3347 4895 3084 6087 8713 341 9043 4377 8964 5742 4720 454 1505 5675 5374 5439 2976 8960 2151 5155 195 8010 2635 6889 1647 1424 9897 8848 235 6882 1119 1799 6907 7950 5522 6640 3122 4825 5154 9913 4129 5200 8543 7622 3549 9078 3943 2340 384 9060 7683 2678 5992 5252
sub 1047 7794 9673 8094 6231 1694 131 5058 1125
sub 4314 2710 1360 2753 4647 705 9997 813 6046 6904 9889 6259 96 1706 7976 3379 911 3920 3956 7535 7393 872 1025 3803 4972 3827 9906 9868 7866 8128 2098 9059 636 3860 9641 4363 6444 4997 58 2712 3787 4523 7442 2504 9116 3913 1930 7711 935 8931 233 4705 5551 1419 5654 9646 1776 7104 6414 2113 7524 2494 3931 8800 9009 1792 3250 1239 6957 1293 1760 8836 1840 9904 6672 8835 8063 9196 1890 8734 1236 3753 6851 886 3583 7150 9897 7974 2675 1742 6186 7394 6827 206 5706 6660 237 2275 315 1672
sub 5162 601 314 2618 9816 5671 9394 5618 8035 2391 472 4427 5584 6825 4679 513 1186 1912 2010 8443 1494 6029 5124 5230 3066 1141 2538 4386 86 1629 6507 2360 5071 79 2252 7258 237 2174 6586 6465 1467 4216 885 3068 9337 4767
sub 6171 1414 3234 3978 1265 6017 25 7404 866 7572 6002 4984 6353 6874 1204 7591 2742 8929 9811 15 8603 3474
sub 798 3153 416 6809 6607 5699 4582 4162 3480 5375 9970 5669 3435 2386 160 6257 5945 220 3654 7004 4031 6376 7645 4688 1411 6692 5315 4867 1177 1734 3767 2620 8324 4976 4412 1622 3200 2107 9356 2927 2662 6749 3247 1382 2596 6141 2423 3778 6058 1891 4869 3927 5341 3375 2599 5350 2470 8031 5735 3570 2586 2325 8599 6376 2792 3338 7333 8497 3280 2451 6363 3521 775 6378 8738 5058 5115 9783 255 3353 3706 7092 1957 2544 3629 9845
sum 4820 7200 5444 9486 9232 2118
sum 7695 7016 1044 25 1082 2220 1147 268 5799 219 6755 8421 8485 7318 8129 8062 608 8864 4635 193 9546 3732 5380 3919 6577 1863 3460 5462 4169 6725 9257 1939 208 7139 7583 1054 3672 7350 276 1659 7693 9354 2252 2033 3032 1489 474 7913 9402 6426 8965 286 6574 4487 6340 1569 6778 6514 3438 1483 4993 3254 3305 3762 3961 2720 861 2505 6478 802 5811 3110 99 4449 3121
sum 8248 9339 2606 232 5822 9476 4017 3792 5824 9320 6742 1970 6291 6444 7019 4898 320 5177 3170 89 5131 2201 4139 4995 4281 1895 9732 6939 9589 3598 5634 64 3338 3969 3242 4169 6512 4279 3125 8644 7433 680 3009 6855 3162 947 378 2673 2509 3775 8876
sum 7564 7967 319 2695 5405 797 4756 5679 857 2242 7367 5716 162 613 7024 4777 7185 956 3110 4972 574 877 879 2505 59 418 9942 3143 1796 6517 5861 4273 3080 2078 847 7985 4238 5276 371 4278 3949 1282 2711 5837 4744 7972 5531 2021 3884 341 7533 8370 7411 539 5472 9292 8770 2071 8394 9811 7427 5898 29 9341
sub 3338 8065 80 1826 4288 9298 2093 1575 589 2894 5561 9966 3931 3061 7470 8482 2324 9055 3389 8063 2978 6373 5002 2519 5318 6074 5409 6514 95 5142 1255 57 148 2348 5644 7743 8993 7004 3624 5254 3851 347 1484 5408 153 4008 2914 7596 9021 4427 1731 263 492
sub 7787 835 9762 8743 318 2213 8643 9387 8360 3703 6224 1897 8308 7889 8783 2574 2233 2653 2099 6879 8336 8577 9920 5359 446 3700 627 3921 5358 3261 9082 6641 9972 3429 1909 4217 5135 8985 1930 5853 4111 9261 2110 3600 4671
sub 2090 5737 5512 1847 8193 6947 2795 7145 7354 8638 800 823 2461 8491 9574 3250 1105 6189 8887 7820 4118 4010 4995 6679 8288 3659 7674 8399 3769 5971 76 9522 2724 2300 8247 6499 1840 3605 1145 5450
sum 7592 5864 6413 1735 5872 6500 1202 9630 8590 8768 4515 6917 6806 5214 672 2190 2631 6687 9212 9981 1783 6851 6904 9005 5042 7227 788 364 123 6955 6806 9129 4180 6393 329 1328 579 1753 831 4031 6756 3058 8037 7993 4668 9451 9926 7144 654 8371 7758 6928 4514 7756 2758 6243 2912 8412 1791 8976 3731 6134 5333 7367 736 9027 9788 1491 5805 2581 1292 6440 435 9442 7272 1069 5279 9187 7606 328
sub 2731 1209 3281 1984 2000 481 1705 8700 1570 2585 9660 8110 20 5584 8560 9118 1389 2319 1165 6615 8533 1684 2273 933 1364 1375 7320 9343 7148 8571 8904 4603 4010 9674 6780 6110 7572
sub 8242 8928 6800 2047 7597 2154 880 6252 3523 5525 6362 9967 7663 371 6199 7751 4816 6013 2127 8684 7190 2159 9241 9099 2860 2498 7808 7392 118 466 6443 8381 392 8162 1387 2543 4428 2131 6429 5248 598 842 334 9198 6361 3095 1432
sub 6880 5176 3715 7887 888 5785 5062 6406 4589 3554 5008 3588 5675
sub 5541 7358 3045 951 3556 6051 3184 8111 4674 2544 3407 3355 8465 3809 9381 8467 2155 8945 2066 3208
sub 2197 7477 5848 6000 4550 440 8451 9004 5074 1566 47 2862 929 1823 5053 6358 5413 1938 8817 3034 8919 7860 374 5318 880 8829 1097 5448 1269 2704 1938 6756 8544 8153 2240 5173 9829 9247 51 9197 1081 3957 9009 4809 62 3393 4110 1199 6220 2194 358 2327 1600 110 8087 5067 4547 5839 7872 7888 8187 1427 1206 9129 9912 3441 902 7106 8120 666 7797 2403 2652 6905 9026 1590 6224 8641 1037 7833 963
sum 3167 4176 3957 2713 2380 2311 4670 681 1552 5146 7818 5795 8451 7458 817 5891 2291 5080 5923 1740 6649 5605 8382 5433 9860 3821 1467 1266 923 1074 2476 368 6559 765 5230 485 6751
sum 9232 2753 1404 6767 9225 1706 5655 7826 2764 539 6057 2689 9824 130 4599 895 5070 5586 4195 516 9818 2541 4063 7590 9953 7295 9653 6207 2756 2315 6096 6059 4728 8825 8677 5143 1840 6053 2283 4843 8582 1624 566 5086 4044 158 6544 8085 747 235 3906 884 2360 6635 7984 2074 3641 6720 1580 8385 5997 5086 6997 362 7117 8126 77 6268 3577 522 141 5079 848 7405 5047 9218 5346 9743 9955
sum 6296 5385 1352 6919 87 5905 2790 2453 6145 6983 6942 1798 4010 8989 9974 7842 7277 2883 2677 3312 8791 3630 105 6862 2467 5634 7635 5967 8240 8364 6902 4504 7281 6286 976 3871 8894 2504 7725 1673 6200 2164 1805
sum 7786 1464 1557 6682 2358 8888 1221 4703 2171 8798
sum 5391 2107 8797 7941 1377 4438 185 7726 1189 4201 7011 1985 237 2171 5325 8538 1417 6585 1984 3790 6888 9769 2712 7774 9638 7569 5361 3981 8492 5629 6425 498 8780 3617 4605 3018 1913 6757 9874 5957
sum 1426 4640 4873 2547 6168 7540 3196 9635 2384 2986 3103 7123 8966 242 8312 1668 7204 2518 1398 667 5495 526 8247 9597 3755 7811
sub 5595 5794 9385 7436 8385 5073 2723 7045 2934 6908 2884 232 4608 543 6550 6892 6710 4802 1665 2286 9518 850 241 4052 9351 2250 2112 6696 1728 3006 1660 1486 6407 7609 6481 7944 8743 8905 3412 512 8623 1365 28 9634 315 1383 7893 2505 3843 1483 7148 8036 8483 1389 2153 1519 6213 2611 3916 3542 1890 523 7730 7995 9044 34 6895 1342 8477 3631 2640 2337 7734 8368 3870 8309 1813 7832 1107 7465 9762 7519 9135 1212 5402 6717 5872 4400 8569 634 1363
sub 333 6746 248 38 9962 9851 2626 8682 1391 8357 7504 7975 1921 576 5944 8237 4093 716 3630 9836 9460 8931 3327 8400 4058 9621 1332 406 841 6321 9417 1251 6401 7122 143 9129 835 1498 7061 5574 4496 120 6594 4086 2588 8775 5911 9366 4542 7316 2933 3704 7645 4770 2344 1781 8044 5993 9314 6158 478 5879 3482 14 3510 6109 2408 7556 4360 2153 3598 7724 7132
sub 1250 894 2959 6326 102 958 9284 5665 6975 2377 4578 8205 1147 7945 2600 8174 2814 4410 8527 9076 1801 2144 8742 1840 827 497 4589 7641 1585 6420 4443 4742 7211 1153 5613 8991 4939 4236 1073 2184 3996 8810 444 4536 1040 439 362 7814 7812 4696 9683 8137 42 4665 6127 4361 7658 2999 2975 6571 8732 5831 1609 9128 4624
sum 2157 6251 8203 2156 156 6144 2057 6917 2475 7302 1319 3511 6494 87 9952 1691 758 8824 839 4392 3198 1030 9407 6709 4221 328 1769
sub 8707 4792 1548 1588 4298 8565 3606 3900 5240 1026 7178 1315 1947 2075 9589 2543 80 9817 6592 7311 9052 2310 1267 9942 9898 2754 3815 3639 5422 2518 1239 851 5120 1920 3378 3964 8930 8433 4280 9509 7371 5646 9631 2329 1056 6074 3919 9889 9732 4954 6117 6320 2282 3658 6733 3481 1951 9865 2017 7088 945 6531 9880 3278 3791 6793 9068 7949 2351 5561 6344 1437 127 2397 4079 8770 6886 1325 665 2524 4188 1520 631 1053 6899 8574 2377
sum 5821 1493 515 3421 4136 6097 5782 6149 7139 7448 3123 2946 7873 9746 2504 4305 492 2782 7576 5753 3244 1773 2807 2866 7757 5725 8469 4697 919 4804 8333 481
sum 7380 7255 3071 404 7138 6830 7887 2570 2111 393 2405 508 4536 497 5698 2167 4899 4623 1888 6968 397 3918 1867 8383 263 9828 1966 6690 7122 4319 6308 1978 9296 6445 8478 35 6185 7501 8812 2651 159 7786 9131 7968 1545 6976 9274 5584 1638 2819 1956 344 6082 6998 8612 816 4590 8795 2093 4026 8722 1598 8889 2457 5384 8400 140 2123 4599 3038 6890 2836 27 7805
sub 3790 9043 9032 550 6849 7545 1081 5486 5187 7732 1006 1104 518 3225 1852 7818 4481 1988 9178 7621 5691 120 2484 524 9651 2585 3947 5197
sub 5665 3039 5417 3501 1045 2569 4327 5596 3245 7581 4163 6012 5859 2549 7393 9862 1967 676 3055 6663 141 9526 2238 8198 106 697 1443 1253 1769 1499
sum 1390 7578 643 365 2411 248 7089 4417 8131 9597 9532 7706 999 8145 2716 568 2273 228 4223 2 3008 7155 9032 5400 6715 3122 5679 1191 5937 7674 1464 4895 2847 9903 2049 6677 1248 183 4597 1041 1767 5048 646
sum 6755 8734 2328 10 2941 7833 653 5554 6421 993 1320 8955 2642 5362 2222 8579 6576 74 6760 5979 371 3985 2687 6701 369 0 7625 3119 3526 2456 4006 1994 5232 4141 7246 9827 7535 3800 1531 8291 165 5030 7909 2582 828 4624 6730 4555 3524 400 6988 4137 9887 4697
sum 1258 6725 6968 3029 5166 9982 2324 1393 1824 6850 9778 3777 7096 3168 461 8279 8157 24 527 6289 853 4900 7543 5281 2465 7726 8978 5314 9900 2495
sub 1934 3584 5935 2510 649 3836 1475 1581 7243 1221 2264 5790 4202 1518 3362 3604 9857 8547 4129 644 6438 3222 8991 429 2573 8255 1249 2142 5171 1291 5655 2319 6708 9668 7568 4451 9500 235 1012 5507 826 3597
sub 5799 8325 1064 613 1656 2381 8786 3623 4610 2220 9670 696 7183 172 7442 7427 6535 5062 1948 6155 4050 9456 1732 6383 724 5460 3045 4380 9907 4005 2717 2292 3847 4832 4194 6675 1343 2528 6924 7843 2948 7358 1383 3332 3793 3641 3548 5851 9846 617 5135 7685 2127 467 8947 8774 467 1388 7365 5962 7681 4450 8199 8908 3619 6180 6588 2948 4697 6438 8854 3325 9575 1398
sub 2362 2511 680 9500 9795 365 8948 2197 7738 5614 3785 1202 4359 2732
sub 5335 3390 375 7843 933 2046 815 8848 595 6305 6 1971 8685 8236 932 3892 4245 9849 5073 2340 8857 5076 3091 473 5668 2550 9769 3418 6871 1506 3356 7482 2690 1263 1655 4530 449 3233 9246 4817 1438 8010 8168 8616 2259 1831 9886 5907 6020 5166 840 4036 50 7293 6007 8144 2103 911 4477 9814 5783 6382 4883 2533 9259
sub 4572 9077 614 1924 2318 9963 1118 9007 7207 8353 1741 6578 4648 2900 5490 1690 3364 8001 3451 404 5273 2923 1253 6140 6656 9424 568 5639 6700 4246 2275 587 9921 5330 5128 3164 9373 9658 2707 5018 4628 5563 7594 7558 9721 2555 3234 9214 979 9584 7290 7731 1243 8169 6113
sub 1135 7344 159 7333 3788 1304 5892 8226 2742 6078 1543 3961 2648 6300 4874 4109 5803 1846 2580 6225 6819 1090 7355 6001 7752 909 2636 1992 4810 7239 2253 377 1396 1112 1716 5574 946 6577 3898 9017 3684 5598 8851 6150 3515 6344 4074 7347 1529 8085 8435 3049 9984 9903 7946 8365 8767 3714 4044 655 5041 2834 465 6824 7407 9112 2318 8058 182 3544 2615 6462 5544 8655 8373 8736 1003 4796 6001 9619 5743 4432 5114
sub 8028 2404 6473 6672 3470 5140 9689 6923 3078 5920 5618 737 8648 5475 7974 8417 2406 5168 2138 4550 285 4901 8303 787 7296 6392
sub 7377 6881 9387 2703
sub 606 4352 777 9553 5334 975 9075 4149 4531 5209 7092 670 4005 2260 9811 7039 2263 1948 3887 9198 5223 997 1466 6104 8766 6495 6237 1203 6266 7190
sub 154 2471 9066 708 9331 7413 9433 4098 1504 6248 5710 1655 8623 2489 1620 1593 459 587 5690 9059 5365 1163 8614 1113 5993 5592 399 5349 2021 5967 3700 4218 2973 2241 1836 9712 1675 610 6451 1540 9120 4298 306 913 8088 4043 149 9022 522 8335 1992 2719 1148 4980 9259 5280 8490 8295 4849 9789 7896 9674 3338 3915 502 946 3714 226 4447 1873 1640 129 1837 3112 2281 4142 4154 4320 9692 5695 2593 3601 4690 2685 489 4127 8670 2055 3037 1394 167 968 8920 4171
sub 2645 6421 3866 6361 9692 2200 198 5877 4288 2519 8632 9596 2366 4880 990 7571 9751 3639 8512 2960 7856 1684 3033 2774 6587 2228 2534 2365 1148 2250 6378 7434 2889 9807 2583 3723 3241 3987 7596 5442 5743 130 9191 3206 6526 6978 1240 199 6948 6247 3784 3522 3211 2130 516
sub 8681 9904 6193 1662 8099 4168 647 7657 28 7460 2190 7484 2088 7462 2308 115 2395 3856 5175 6990 3264 9616 2544 9312 7005 899 8618 3072 5167 5737 1449 2762
sum 7873 8565 8364 1795 4449 8011 7615 4455 4846 7535 1051 2638 611 1491 5251 889 7204 9608 8852 8977 393 6608 7567 5850 5698 6684 7423 2527 2144 5263 5877 2621 2621 8217 6618 1198 9098 2422 5346 9594 9041 5065 6824 712 9603 5832 1769 8619 6967 4019 8544 9691 183 481 133 7461 6481 5376
sum 2257 2045 3412 7395 6100 8006 601 7352 4444 1237 4844 1733 861 2 2279 193 5361 6504 4510 8208 6405 887 5777 7519 707 5512 217 151 1423 441 9694 517 1486 8798 6734 6015 8236 1870 510 3389 5459 7740 2744 859 5133 3301 2751 4332 143 1517 7636 9180 665 9134 6447 1261 8642 8155 6640 5649 2483 2493 2078 9929 3589 1378
sub 7693 2010 7938 9954 4994 1559 7292 5966 5416 9703 4969 67 7503 3522 3092 8362 1930 1469 6142 2342 4723 6744 8769 6803 355 4872 1188 2862 5736 1995 6912 8629 1872 6119 4173 3076 8259 2496 8978 5468 9540 9442 8124 6318 9934 870 6134 8180 8350 1628 4615 7993 8632 2547 3754 6535 8942 3003 8296 6460 1925 8555 7044 7472 2441 1206 7433 1831 5580 3287 9903 9555
sum 2803 8453 3994 2731 2562 9419 4048 8841 5780 8068 6873 1476 349 7832 1941 2275 1598 9846 4036 8076 5690 5391 4277 7015 2859 6211 2407 3017 9946 9543 7719 9881 4816 8289 4123 3973 4254 7405 183 1652 3248 9932 8306 4082 2325 2042 6262 7398 3459 299 1834 7751 530 6893 3755 2602 2527 2658 3776 8177 6768 1284 1115 8937 1373 2391 2646 6872 8104 8591 3883 4106 3083 4637 2440 5559 6764 586 309 5805 5935 2609 204 2174 5966 4845 1520 2523 966 2360 903 8191 9637 4527 1508 6337 3848 8243 1478
sub 9498 1011 1267 9988 743 1140 5742 6820 478 6759 4254 773 8013 8092 2290 3532 9422 4188 2354 1342 7428 9066 8834 68 6321 409 2967 1598 8074 417 600 5753 9477 1701 1989 1118 2202 1389 7401 3434 4331 5965 4995 1122 4201
sub 7017 1920 7114 8698 6512 4713 4188 6050 1186 6546 6365 5207 7091 7798 1619 1953 5423 715 6528 6151 563 7710 2525 2419 3617 4825 839 1300 9824 8078 793 3586 6284 8179 4386 4707 1790 7520 1785 5954 1130 683 5598 5988 777 2543 7885 4953 3459 995 3097 9124 3807 706 1769 2850 9401 4709 269 233 2174 2996 7391 9214 1741 5162 4364 6268 3892 5602 5258 6538 6879 7045 1362 3737 36 2186 8843 612 8838 3699 516 2834 1557 24 5935 2625
sum 3585 7116 2107 9823 892 4960 4345 9901 4140 5818 9226 693 5891 7672 7663 9539 8417 672 884 7521 2005 1820 22 2274 3868 231 1450 2005 5248 5845 7322 5454 5438 1056 6013 2046 4135 6038 6653 2260 6781 4053 8361
