99
sub 25103 25292 29914 1934 9157 1367 25709 2169 12893 9419 9888 22905 3283 28740 27115 31667 18958 5143 5666 12610 30474 12133 15279
pow 18416 2078 8495 2587 12334 25568 15805 23871 5020 7496 30633 18761 7509 17626 10239 25445 27875 7877 22973 17386 19797 19886 22920 10043 25233 6831 28062 5611 16620 32416 18956
sum 20629 5409 14409 12701 15783 4130 22746 4716 28152 14399 8600 12335 31473 29638 2026 29125 6862 8087 13952 21293 9565 4312 22582 5344 22018 24297 2619 30052 28415 2458 14706 10526 8690 20380 28440 1128 24991 18742 20648 3043 240 6969 22267 24334
sub 180 12568 16834 21998 987 17395 19072 13578 17096 6570 7203 10509 2115 20468 9045 23174 20201 23049 7487 3466 6098 3252 17232 11873 5232 12458 25658 5760 10170 3866 3646 7607 650 11397 11946 19372 24388 9680 19104 15752 8377 25496 13592 5104 22603 6085 26152 32055 30545 14690 22404 12242 12221 29356 2625 26892 18428 13672 6622 17403 26141 27002 132 31922 5686 27060 28813 29624 4099 17132 26436 1465 32721 26961 23787 2940 22170 22527 13827 5653 25970 20176 22983 15196 18465 8821 4602 1693 25362 21190 6114 24977 30828 23383
sub 6270 29260 2675 25850 29024 10606 5620 19717 16855 9598 17316 8087 29562 24521 17771 11656 8211 9724 8466 22800 1608 19514 27139 30846 12667 17772 18512 20780 22766 5592 28919 16050 14891 21494 29541 23130 29347 11134 56 14036 7317 5830 3401 1067 13105 16971 31466 12280 510 20109 7788 21974 9081 25633 21989 5141 21247 19969 2351 6323 5612 3622 15412 31367 5 8281 5737 12992 5907 24390 921
pow 16338 20964 4383 11784 22190 28935 28109 14841 23596 14046 8854 27899 8786 19751 4812 15205 12590 11400 25101 20910 32104 18644 32630 17107 27934 21130 28948 30201 7915 12702 29595 5972 10057 7548 16987 4167 14362 30283 7023 19149 26241 17262 21560 17431 758 31569 4618 12919 14234 30818 31524 17020 24775 16221 29670 12127 21484 31437 15422 15005 2200 20432 356 18150 22484 28698 14279 6710 17846 3388 20807 2882 2355 4390 9124 7701 17973
sum 21499 11757 9925 21983 12958 31083 31833 25151 18031 29292 22076 24358 9287 32371 22453 10063 11854 24603 15813 13643 8221 8875 27748 3003 9759 25579 24846 28098 1085 28726 11902 31674 4026 25809 26042 2086 91 19579 4175 14568 23756 27205 8158 18613 1599 9892 30423 31941 10070 21189 28293 8911 2627 13856 32331 11060 6702 6736 26669 13179 5078 18722 3729 5373 10620 12524 22343 19425 7677
sum 19019 6974 24864 1723 3025 18380 27476 3774 32047 24516 18043 24162 3131 21745 11070 24951 29723 14901 21515 20363 6581 32298 23840 23469 3175 14600 27366 4471 32504 4554 2689 843 19663 32396 165 11740 24419 25656 31403 13552 2035 22881 21988 23909 8567 4207 28973 26738 3798 11517 15555 13360 26969 2175 31833 17753 29536 10792 28520 7759 9044 30219 21447 1888 23260 22400 30331 11336 7764 27337 18128 13047 24699 27125 8105 12181 13931 24837 15124 6596 1999 27982 1057 10021 3920 3102 15093 12061 16208 15522 7962 31705 24283 30983
pow 29402 19168 29771 3335 18314 32456 1516 1627 11821 15176 18033 3323 17152 32507 27 12275 20332 18927 24013 11633 7296 30287 28955 12417
sum 24227 7196 31606 23816 9376 1889 30513 20853 12220 20258 32239 22397 12838 24738 31859 19233 28901 8605 25372 13976 31596 6537 14871 26026 366 16412 17875 18522 15091 5390 20405 26823 5804 25888 26382 30804 8835 24669 11850 14343 25207 26016 2154 16431 2471 10070 15028 27466 18860 3461 22184 26661 11308 30990 55 14149 10924 19503 25648 6022 30886 23627 29435 9730 13276 12526 13193 13620 28395 13324 17035 8030 18979 14217 20962 6183 3734 29694 15447 16777 32623 25787 397 2026 21894 9480 15923 2441 6449 12977 29822 3356 20060 14785 14551 19384 9948 19853 5841
sub 13044 16989 31809 10345 8166 26945 21166 1820 5155 14534 18343 17622 12101 27569 7727 32416 10241 29813 31550 4258 18602 6055 26212 9276 5366 2738 15792 25683 32005 27340 8400 19433 16799 8233 6009 17137 28094 366 30474 32097 2380 19304 19308 20616 26925 16638 18236 29346 16512 1892 32556 22698 22306 4754 29862
sub 13813 13235 25834 30047 11620 2076 29391 30869 12885 3535 25442 25625 29009 8323 16268 2305 29605 28319 23854 635 20827 13144 16565 24846 16232 23578 15599 6946 20007 7466 17693 26307 27654 14729 9545 24738 128 539 5337 9308 13131 20488 22373 14847 13266 32355
sub 5349 9994 10607 24373 4271 9933 15361 12338 18665 11474 3353 17841 22350 22839 13420 12393 16975 12026 9751 23766 10759 23830 26416 17790 16753 8943 28833 6777 26585 21488 13366 560 30352 15987 30708 22373 5860 31201 31661 2164 13391 24602 7377 31704 24303 13847 27783 7664 12854 18382 27644 31747 5091 31573 25339 4227 24369 8011 1215 9358 20558 30836 22277 27322 17422 21155 3941 14098 8161 6365 23265
sub 14523 17343 22174 14834 21776 10644 6880 6437 3020 32674 17458 19451 21280 17763 28145 29426 12771 28006
sum 22325 9818 15345 3272 21858 14953 15941 2958 1033 30919 17011 26219 19837 23946 25355 24895 27499 27580 18111 14467 22205 28078 12139 1079 28351 3984 31314 18203 7040 2111 30122 32290 28540 17502 12124 17444 3191 18344 8453 24019 20396 14468 23872 16880 2343 18906 8743 29119
sum 29975 13752 22633 18123 11188 4735 27769 1705 1581 2582 28906 14065
sum 21648 5944 12931 16779 4524 2507 1882 16024
pow 29515 10490 10883 27737 2299 11352 14182 21499 11631 6700 5272 8095 6935 28859 32408 13271 5643 20042 6889 24357 13716 9359 11707 18705 26350 16486 21191 22394 3404 31173 15739 32298 25373 8178 17495 11437 142 30195 15255 20066 11088 21319 25362 4306 21403 15571 27490 25665 25203 2591 22085 27267 15658 27330 13891 18449 8742 24603 4497 2908 17124 32578 27702 7777 16189 3902 15724 30334 26088 22393 21577 30340 24129 12913 28574 14093 8008
pow 10512 22509 6141 13253 18098 11403 27348 15729 18015 28082 9236 25554 1050 11305 25335 5256 5393 20019 17224 20618 14709 2578 32208 6853 8328 27082 27922 14854 13048 15399 19000 21017 22379 5889 13900 6195 25947 20159 25515 9869 14884 1818 29623 13138 9307 16676 23757 11963 6498 2696 27767 3192 26937 12819 14818 15443 25751 9587 7314 5648 10554 23615 31572 15511 2171 29752 1908 15445 15397 25295 14385 26847 23943 24551 6766 15832 21192 28123 18602 18198 9851 8899 7986 21504 32115 5875 149 31290 7897 7365 15961 11141 17019 9625 31212
sum 30745 4573 11507 17593 7106 28492 4014 11953 7584 18336 5422 31241 4696 9848 32224 31621 31084 21475 24040 29131 26043 27347 10692 28533 3911 13263 30252 11109 12859 6121 28477 11096 24365 16368 19159 31934 8352 13286 14916 28618 6605 3764 7962 2245 675 6685 1890 7079 9484 26353 13561 17896 16242 13699 13367 14996 28802 16988 17871 5278 4143 19249 8182 9078 6650 24595 19144 26077 3185 21734
pow 25078 26388 5477 29092 1730 27523 11236 19978 28714 6340 14331 32115 14624 16781 5852 10333 26620 4969 15924 13006 16765 11694 18259 10984 19722 9391 13709 1470 28222 17716 31712 7782 14244 11303 1495 11088 23231 1680 18349 7637 22862 3524 6582 8211 23501 5080 25339 9465 20799 13404 22308 16030 15403 32070 19356 11991 20709 9261 26607 26120 18702 7096 13687 25658 4190 7509 21047 12398 11937 31534 19207 23089 4864 20057 24818 14705 9346 21838 15836
sub 5791 23655 29877 27203 7139 10008 24682 12817 22771 4790 5220 5098 4954 14323 19101 5549 24070 12367 32681 9841 32068 14904 5702 969 18155 26742 22837 1095 21206 24774 20296 27454 3992 28101 5565 10700 3948 26640 13514 12568 8555 15018 8825 14809 2818 1694 26550 9496 30114 10725 7078 23094 25785 11657 10555 17968 18402 24331 4870 24610 32088 6403 10572 22282 22705 32518 26203 19663 457 12492 25886
sum 14482 9712 6627 1432 14526 5550 20519 20369 7362 2832 22008 11639 20802 11833 10430 1446 18297 32396 4381 27069 18393 27330 10942 3921 22513 12089 6483 16610 14228 28303 3797 23309 14648 14448 1808 10756 31132 29356 23650 15164 15022 22669 6592 30565 26027 1127 11769
pow 14192 25663 20715 25233 21458 17891 13535 5200 15615 18784 16031 18096 4677 29339 32008 15714 30626 18537 17198 2176 24793 17234 27657 2416 4805 6549 1643 16140 20206 3179 32053 7423 23898 6800 4043 29298 26790 15360 11973 9193 24661 2814 4328 15463 21863 32347 5204 6617 1325 6389 16382 14513 1629 12926 31073 25298 19554 15743 17009 17836 29941 11932 5073 13224 5105 26905 10053 5318 29027
sum 19076 28129 54 29093 2819 286 30366 29529 30565 1723
pow 29049 19807 2926 24237 29850 7177 24966 14175 30164 8613 13075 8409 3913 734 30945 15426 31443 31284 2883 10550 8171 15950 16143 16062 14538 8849 21483 20607 21197 9713 6087 21553 11806 25607 25515 31571 16529 7268 21939 5405 24524 17446 27736 19639 22187 21961 26352 6056 27107 21311 3960 26769 4069 11842 20882 31259 24581 2793 17098 17966 31963 4217 29 32100 32233 15486 1212 4797 7295 27675 24077 12180 10204 3999 24819 9169 1174 15448 17487 9825 15164 4268 17607
pow 7781 13766 18852 12027 20301 9155 21198 6741 30715 27591 11740 1058 3308 27689 19537 12844 11734 12956 32426 1612 31544 19309 5777 26578 27190 5637 31059 23590 2724 17077 13972 4784
sub 30530 26614 18662 2911 22727 9220 4638 22987 2179 30737 20345 19323 13177 32607 2108 32617 7752 18275 16923 6732 31070 8998 5897 21786 17768 19947 23887 21708 23564 8466 5595
pow 24892 5339 16933 7809 26288 6283 15667 21567 9470 16971 2105 14236 21986 9717 25723 20055 19306 25453 28699 1183 11611 32378 28311 25478 9682 26836 31379 2996 16679 29310 1241 18520 1302 5205 17566 20069 801 18666 32007 31738 27184 26509 15339 11297 23419 13738 30171 29373 1705 8793 9055 21694 20793 24624 17283 20631 3362 20827 26514 19186 694 31215 11298 13218 20940 27772 17232 30425 28190 25826 29773 3739 15088 1381 13338 18546 2547 27139 15247 4964 360 1540 16034 27170
sum 10470 11650 16676 32526 850 815 18825 8409 26436 3231 22950 1655 8901 2630 28785 12827 29199 16138 7814 9723 29261 10230 12049 31143 12705 23602 22511 22937 107 10547 13584 9485 26569 16175 4896 7699 26970 468 19814 24546 27720 20793 17132 3951 31621 24341 9952 31294 14676 25647 12346 6008 11276 18965 27807 7999
pow 14981 11326 23363 23129 11929 7044 15667 28294 26717 7826 26930 30791 6678 13234 25909 9047 18405 30859
pow 564 2803 293 30962 8019 27652 19167 4663 14435 6514 25341 18920 28020 20763 30129 10748 13546 13024 23084 18543 14885 13492 1635 31730 3937 7410 28691 18657 14042
sub 6773 18228 13793 29833 7227 12059 31174 27727 18372 23591 10985 23127 31390 18690 24410 10813 10372 14028 16074 25532 32210 5566 22688 30836 1596 24846 8266 7914 11198 29203 977 24273 8662 3754 20657 12936 4338 14040 23271 25059 5668 30129 6731 31278
sum 12832 1903 19033 30471 5866 29420 25495 7281 18047 10989 29836 5863 18017 30659 23000 28632 23627 8713 11321 17756 13578 20010 15871 8659 28046 12580 3264 30409 12865 651 31564 16158 26776 20432 26595 3171 5863 5315 29350 902 32377 15703 2124 3250 7136 29861 1302 14961 394 25908 1029 11284 16533 20088 11850 28500 21476 5016 7934 9529 16755 10101
pow 26087 31207 15755 25000 7786 19017
sub 17589 825 26339 29240 12654 921 864 28709 14517 30937 22434 22424 21754 11897 4283 12963 29713 30409 9287 6856 6792 4340 11866 28440 20792 12348 27575 13725 4378 2183 9283 11254 8540 1051 6585 19265 7092 1702 20126 17214 2805 24961 14712
sub 23861 14395 4871 30780 31807 22532 17725 5161 23312 17673 32254 5553 20824 30416 6923 22176 14468 27808 15328 24725 31621 3638 28565 29530 21460
sub 17777 22451 8175 29734 13039 15797 7088 19402 20110 31104 22939 26209 2301 5586 25353 27443 25210 28610 18239 30906 23203 14153 10728 18764 4745 22784 5570 2811 21767 13611 26519 28346 31058 18423 25967 12993 21456 9984 22020 11314 10542 30742 11382 5116 22445 17729 7232 6911 10940 20994 10603
pow 21980 2305 28034 2912 16403 26053 7484 24931 26804 23841 4013
sub 18528 20808 11307 25630 9757 6024 32324 13705 14331 14294 25312 24933 10391 1452 9631 29345 19899 23547 24771 22855 23253
sub 2119 6055 31264 15639 8310 28479 24357 26081 19670 27434 2180 12711 13336 28389 1299 2042 9055 18324 4022 4415 22087 25590 14209 20042 38 18585 21276 20015 31378 5194 17260 30292 15651 10448 18799 4299 633 19418 29544 5343 16001 21557 25917 24045 18933 14146 29 17526 26402 2728 11621 19825 1006 20038 20677 25574 23833 4716 9631 20664 26307 20042 2991 25795 7727 31400 1777
sub 17624 30399 10722 25695 28137 18490 11941 19645 10782 10220 30176 23129 5278 30380 1567 15970 2925 1473 27034 8195 1947 24138 26631 16100 17852 6109 4787 7923 21144 622 22225 8548 20515 10098 2578 12022 1711 26181 9590 22393 5728 12233 8801 2701 23776
sum 19884 25429 7869 9871 4971 26768 23526 6084 6140 23431 25916 10318 26360 23046 24493 11892 28251 1953 22473 24214 17105 20717 18468 18440 31024 28400 24316 5153 14661 16085 18204 15246 28115 16868 30720 9708 13785 22962 20794 26519 31508 5269 1301 4540 20933 7771 5751 18614 1460 10556 28172 5271 30837 25356 19104 8196 13546 19126 4301 22855 23561 31205 15831 10655 20191 14084 468 14042 14805 25449 17680 25382 25907 6605 7343 32549 28386 4352 29332 25151 20854
pow 23868 23660 14197 7809 15122 431 25753 13444 17403 7265 12664 16200 30411 5337 30364 16511 27777 1512 29213 4654 6684 18273 14359 25940 25776 472 1883 5068 15288 12201 22117 18804 11694 12093 11407 18575 10969 19080 7044 19816 27239 22486 27894 21817 9659 22472 22676 19530 7688 13465 22070 26461 8223 1702 24667 11338 31365 558 15062 28135 6601 29270 4548 16170 16148 25968 1217 8594 1282 28284 29276 29378 9904 8175 6088 23920 15639 9140 22740 20861 26264 5233 17436 18277 3287 31755 10113 21210 15565 7020 18648
sum 24452 5855 31724 3735 10125 26229 22097 25396 16532 4106 20442 5889 14901 340 2485 18310 30886 5955 4192 9560 10231 21560 2318 31726 29847 18034 20044 27568 11547 13000 16356 2641 12603 22430 18946 23903 21021 23570 26517 25368 2007 16246 9208 7552 8239 23811 24530 21424 19108 22475 23867 32113 9651 752 22304 3337 12627 6676 10216 2901 19138 24080 17239 14872 5507 27113 1971 12435 30120
pow 9814 32589 28552 16996 24661 32613 16957 14733 29758 441 595 8277 22026 30765 12461 12386 25555 26437 9040 31990 25573 15337 5143 5837 10519 11877 1960 10057 20828 22196 8358 18124 21141 22014 13097 4709 18857 14687 11371 17584 16344 31210 8900 22007 23116 15854 8664 26525 10225 16247 1807 32445 391 31768 581 21006 12278 4584 3779 12042 19681 28107 30830 14927 4477 12019 16703 3909 1956 25510 31475 769 20773 833 26884 3689 31071 18813 32471 9113 1294 22257 3639 29318 13412 15064 14850 24801 11100 18965 290 14655 29771 26484 30143 21878 4279 8499 29875 18506
sum 28991 19017 18126 25029 10492 28147 26218 8546 21524 24350 10960 16057 9649 12697 4259 23472 12470 784 31729 21746 1198 29743 23745 9272 5889 15626 491 14278 19566 24765 3629 25400 14005 17487 17274 19838 23188 11485 6293 38 4597 26868 19679 31705 24166 10558 28270 30249 16329 19553 1630 9354 25421 8740 24428 14493
pow 6848 29109 27479 4070 1803 26516 22207 28381 28114 29301 6581 5998 19210 21584 3300 25570 8932 1881 27965 23229 27114 21961 9380 9373 13131 7906 2792 6500 6515 27949 13049 10393 5343 16903 6229 8460 13616 14939 16580 7097 28798 28849 9797 3567 31982 16488 32072 18098 26759 20031 11037 23389 25409 31259 173 18316 28511 7684 3432 17464 27647 15984 7806 6692 11760 4036 15954
sum 29976 18476 28844 31269 23610 25645 1192 29036 6902 32649 23594 23919 12693 5360 21607 32411 5796 22861 17653 11075 28663 8371
pow 23789 3988 13116 10138 13812 27701 31347 32237 25936 9310 26494 15727 15641 23382 993 12201 28291 5135 17171 17733 1635 19357 803
sum 6124 161 23455 22211 7859 16828 13125 11564 30884 15528 18309 928 21734 15683 26838 3213 28868 19959 28934 3925 14247 10210 720 31126 8001 28212 26544 5551 5132 14553 32758 2688 2547 12889 31002 2161 1358 19708 15951 18357 12308 21297 22362 15312 20300 22320 10661 8278 11461 17887 20367 17142 18695 8434 31239 11960 27017 9303 4185 7299 22309 23249 583 19682 24776 26083 92 12039 30318 31983 3709 30993 28750 26527 9409 5514 22097 30596 21123 2612 15305 17661 6069 15365 864 13147 26742 13424 8014 66 3815 19430 8656 25170 24379 23965
sum 29198 26768 14330 8158 22776 16839 22456 16058 353 15320 2268 24965 14743 26542 25912
sub 21129 32409 14179 25927 25926 20729 28862 14083 18657 9461 23718 3834 29752 30337 9615 21208 18193 13274 6161 5863 22111 26812 29001 17123 19905 10710 27773 30986 2636 21627 21502 29554 21130 30362
pow 20418 29424 14483 24661 11386 13692 27411 19883 31803 3123 27969 11105 20628 30710 23504 1395 8033 2497 27670 17134 24142 8229 946 28419 30614 6392 29553 6234 31761 19275 22899 15017 13933 23964 28297 26244 955 19533 17122 7031 5422 13397 11751 2130 32544 13878 30051 9668 14678 1327 28647 24363 29829 30386 9837 15787
pow 14651 18813 804 148 3082 5514 4046 19813 32104 10553 20396 1616 11611 15493 4762 5198 5959 31314 16574 17538 785 15617 29894 2413 4485 31042 2928 23653 26613 19241 19536 21315 16163 22917 4046 15965 22882 877 1646 25268 9207 3099 1364 9326 1989 14590 31751 13702 11562 5642 30581 7362
sum 22071 10469 14776 30426 4631 9254 28564
pow 23522 29427 7959 15892 20622 32193 28536 30931 8687 29951 30419 3515 2957 17258 23817 3323 1381 18263 29729 31053 23774 22498 14561 5683 23038 9543 16795 27520 17630 30864 3914 8731 24411 5745 29918 7680 9999 18800 2259 31111 29568 22344 21768 17897 17558 26000 14543 13568 21843 4504 12608 4174 18110 16276 31700 8513 30496 25852 18223 28341 22899 21042 26172 29627 24856 16230 14719 13209 21960 8375 17063 20242 9165 1434 5731 32487 31858
pow 6045 23224 2995 28175 31361 16458 23681 29267 6122 16051 23965 31035 26302 8399 24514 15525 30007 18559 22425 20389 30439 5281 31709 21532 29690 25408 3773 11916 32188 1031 22146 11306 3163 12028 2417 20277 27117 21355 12531 13703 20148 21279 18419 19818 4769 32216 6280 19628 6168 24826 7380 7670 21491 16259 26412 14425 5833 17983 21880 5418 31600 20543 5085 14352 7872 20359 12954 32091 1178 11783 21296 8855 20009 15053 12486 15713 9576 30584 1995 5242 485 23024 8413 3866 10948 22100 746 11911 6662 17716 4245 17893 9484 31233 5339 25680
sum 758 9512 25745 8711 28033 23212 21201 24611 30942 18123 17947 14486 19669 22070 3110 18121 18813 4538 20322 31998 864 14797 5178 15494 19162 16487 7062 15924 17090 5395 20133 24339 19020 30533 6105 9556 15918 17134 19763 4490 21762 27470 4032 4122 6892 6153 17508 7916 20604 6270 2518 31591 12502 8532 20460 27805 25360 2133 29721 32194 6875 29312 1844 15587 11366 10329 8314 20948 6015 1156 25047 363 19964 12434 4449 28907 14681 9243 27685 15811 17314 6669 5671 15737 26515 28739 19364 31201 3071 9562 14234 15762 11886 26816 5003
pow 28941 29821 25969 24508 3223 26949 17964 16530 8256 19973 29171 868 2195 30964 25269 1207 4368 9309 21274 6113 30147 14827 27834 19566 8988 25379 9868 8899 10234 818 26529 29697 3593 32233 16914 4396 3150 28678 23095 23949 18432 15541 19993 26708 6042
sum 18818 31790 22657 28724 17926 17660 327 12688 32550 4419 26555 1432 12577 9303 6578
sum 16372 6854 28063 14872 30930 13985 7154 10676 14713 18552 25669 27507 26455 7125 12426 7116 24080 19098 27822 2635 13589 15427 6347 21232 888 10859 19358 9938 5631 20113 14651 2055 19319 7453 4607 31944 2890 12702 19911 32209 2644 20566 14175 9223 20979 8440 19518 22877 15709 1712 17520 4344 24887 14692 22227 19090 4451 1082 3462 25884 31001 19802 16031
pow 19189 32028 3972 16607 2438 5661 1706 21560 10071 28240 15705 30101 26951 21420 13309 9406 3276 5986 6741 10377 31540 1040 15572 22187 16944 1080 24904 3533 30098 3314 22201 5603 24150 8413 15508 23225 6879 32603 17673 13518 5252 21502 30385 13414 28235 31293 12660 8923
pow 31402 11828 14394 7403 21632 29432 9557 3229 9373 22597 23235 2459 28166
sum 4906 25151 24063 30260 30699 3508 19902 21220 22354 9047 13454 23947 22361 11145 19035 15155 25206 6718 22879 23294 458 4188 2548 25266 10139 19557 8358 17524 32260 3670 25229 25044 3563 29391 5082 24586 21044 2419 17583 4479 2868 10898 24628 6288 26217 20486 12775 10126 20072 30042 21811 521 30486 17202 17221 9038 31259 2534 29467 11822 6036 20337 16349 2561 28424 29834 2417
pow 13584 17226 29534 9869 1963 25984 13536 1747 8369 29734 26127 7466 7238 4312 32738 9528 5064 19091 1073 19718 8810 8137 18296 26547 7454 26293 2008 14442 441 4077 30046 27025 24913 30518 3976 1091 18922 13979 31749 31745 29522 12225 15037 8868 13130
pow 6294 31974 20359 5732 3394 28471 15067 29658 25545 14119 14269 22879 4087 18595 15477 11756 16245 13056 4635 28933 9024 5271 2477 27527 27993 29107 1887 23968 22207 29358 22578 19999 16794 19798 1480 24302 19385 23957 7287 19164 25918 12626 6044 28832 16280 2962 26674 3867 10418 8931
sub 9834 7930 22749 13548 26181 6555 8617 31425 21857 9913 5688 18323 29867 10207 9471
sum 28366 24774 6151 10619 29544 28411 13219 13622 8396 12363 24950 27568 32195 22388 29722 21675 13403 25172 15806 22060 15569 10566 12839 24179 12212 30895 27125 27184 840 26836 27432 15092 14377 26607 23266 20966 14640 10881 31854 695 29338 30185 8578 13016 25703 31030 28609 6378 13313 10298 8068 4214 286 19679 6106 21982 487
sub 16019 10842 4334 31976 16777 25325 22042 18166 25576 4724 15063 6411 24069 32580 24116 32713 3216 19353 28818 25820 527 4405 28854 10183 19594 24650 16156 13283 17288 9626 31630 14244 29243 15325 24822 24863 29176 11363 4977 17353 18666 25338 5284 19330 8454 22802 21075 24786 27457 31775 815 8818 17153 21311
pow 9682 10269 13988 585 21339 14101 28231 11266 27024 10905 8339 24789 4393 26067 19481 27877 20050 25227 12433 18905 18852 9804 32623 23845 9556 4802 31415 27531 12970 5479 30225 26081 7093 31327 28192 29460 21822 26271 10768 23405 27898 15701 7022 14611 2051 29828 28733 4562 9609 7407 2886 15898 31173 8505 22191 16715 29999 74 9423 30511 19441 1781 4929 15048 4507 19671 9271 27213 15640 30850 529
pow 3803 8495 6880 25456 20928 13315 13846 25592 29166 9578 17997 30547 6178 3388 3531 31036 2431 21281 28775 11710 27440 29607 29772 20204 26958 7058 16379 8915 17668 3444 14735 11693 3569 1405 11077 21592 2765 3987 4411 774 5456 933 29816 11317 27983 7229 30509 13282 18217 23381 30266 6905 6497 12652 25588 32529 28044 6873 16422 16982 14446 10078 20822 28614 32096 8192 841 12193 16628 16150 3785 24602
pow 20133 9811 5896 16603 26106 2952 9743 5907 7089 31371 31952 10935 3913 12656 19289 27827 10966 31625 21256 28409 30282 18325 29679 19553 12276 28212 10621 17076 20038 15518 14939 13059 20187 6037 8085 31806 30393 19096 26362 25602 26579 22362 5317 433 12242 22898 18557 24520 13332 21076 10521 18285 7925 29056 23656 27208 12878 11513 3504
sub 15865 18326 8566 25379 21987 9533 5005 31218 8057 7858 9162 21928 24655
pow 13079 20095 32447 18113 999 28319 25323 22498 30175 3568 30097 23900 32608 11480 19157 6879 5426 28051 14930 3744 28036 23333 23114 4081 29741 7315 13823 15380 21560 26706 17248 9553 15008 19456 23528 30790 13912 7250 15556 2943 22926 8526 21044 3398 49 21178 21043 17340 24497 14548 27226 4905 17414 17731 1282 16017 7667 14414 27049 5768 18060 26188 15511 2630 7158 29019 8640 20222 23406 19285 1773 4460 23692
sub 26030 4553 10117 10515 26964 29248 28964 885 19386 12465 22053 32686 12438 25547 19730 19063 8397 939 29987 12147 32139 24736 16890 26127 10642 30513 3984 9646 23762 17761 12912 17667 22074 1329 22563 26813 24527 28775 19435
pow 29070 29620 14485 15143 26174 6471 15666 19596 22173 21441 32573
pow 9539 4765 27305 425 8428 4430 9433 3731 11524 9407 21141 8048 13690 15993 16212 12718 25233 17410 24467 14500 10198 12801 30573 31187 16213 31394 3948 32363 25868 9020 11167 15889 26272 25906 30956 26335 23375 22039 25768 26284 6182
sum 6542 13428 27535 25611 16798 12926 26373 2091
pow 568 17039 10002 17828 3983 25366 11804 12270 9914 7871 28135 13688 28565 16131 1754 16035 5199 23400 12340 27709 7883 20819 8340 28152 17734 28189 24510 7450 27195 32618 26012 12151 21379 15798 10883 5788 23745 17713 3256 24398 10493 4301 12083 9523 6031 11157 13730 28366 63 3136 433 1457 31402 20230 21897 7917 13544 16818 32662 26574 7531 30201 29582 19141 25642 19978 29871 166 5887 14182 13640 16915 23886 2034 3962 11576 5864 12618 15168 13242 25135 15961 9645 9449 19834 20263 19829 10301 14267 1777 18607 15360 9311
pow 3144 1653 7346 10781 13864 18195 16221 14034 19239 2805 20053 20550 10481 31592 18124 21435 31053 5734
pow 28239 18947
sub 3791 24328 10755 5776 10010 30429 14245 2182 12774 8364 5847 9045 19852 18883 26301 5217 4465 3386 29216 26398 22469 9942 26304 12059 20337 3374 5868 4928 27210 30476 31057 7764 31627 20502 23312 30913 6786 24750 30739 28572 7561 11542 28064 27872 16696 20440 15150 17658 20441 21349 17784 32139 23836 20220 4049 29033 27149 19149 8119 30183 1346 12127 16042 25942 15193 17455 3647 13003 27554 410 8816 27427 21784 14844 5686 18245 28566 24090 20058 13223 25927 24765 24199 28948 16479 32160 17573 12972 8456 26508 28258 23852 3999 8642 15633
pow 2201 31672 15413 21472 19816 31588 19748 635 27046 18880 9996 6924 19792 13798 16239 21667 19595 6005 21313 27892 4235 3044 32492 28748 4019 7702
pow 20734 3118 10664 7115 32413 8100 16519 28838 3042 19353 23461 29594 29276 1383 13502 27140 19012 2941 15195 17621 16919 3690 27034 12868 14725 28727 22065 30656 906 3578 10161 10281 5083 18344 19720 2623 7043 14891 8010 17243 22734 24500 20657 6749 7782 2643 19682 26341 21948 27845 28273 198 169 9613 11688 17335 32342 70 11396 31564 5977 24887 17409 19237 5408 3880 30359 26470 26771 20340 27653 12646 9205 2144 23117 3244 19467 23979 0
sub 31590 5051 30556 23433 774 19698 14518 14533 20152 27116 25304 13159 32500 22287 1831 21399
sum 13350 789 10152 28224 1073 12575 6723 6787 1135 28053 18584 4768 2050 16219 23817 23105 15232 14847 4350 10496 3239 5787 29237 27250 14924 21501 4698 32612
sum 21720 9316 5480 7248 20206 8580 26915 6163 28165 10074 24462 2378 22593 32075 13582 17169 15190 25866 1051 5970 32157 22363 7923 6560 1383 32285 12688 2403 2705 3975 16344 10038 9816 28338 21525 31117 5487 13655 29092 17563 24655 2779 8177 14707 24015 27784 8611 8301 17396 19230 11283 715 15114 8586 13059 6044 9971 26869 7309 30689 6848 3584 29017 24047 10878 19278 23827 29716 3922 3396 4892 30333 20937 17164 27520 11351 28265 16608 19497 31797 10380 6021 12882 8114 32622 1301 28734 14935 31108 25346 29481 22463 14863 13656 9599 5368 5362 16194 16716
sum 16592 9971 16770 10010 16887 3108 9280 25400 3802 5896 20274 7877 18759 14782 9551 17648 13189 25099 32664 9152 6221 20813 30020 9127 29718 12465 28443 7515 17302 13734 2592 16865 7045 27282 3442 18666 28068 28611 30580 22883 7934 18600 26156 24648 21357 2369 24297 18873 4705 30676 14633 20559 10461 30434 12473 22192 27842 19289 25374 32609 17744 4875 15412 30428 7402 32607 5653
sum 10310 4156
pow 2929 25067
sub 3010 11209 4080 15153 1280 3280 11738 10426 18382 32358 5713 30181 4574 15306 31405 9594 22114 14514 22490 30855 27331 27443 10411 10080 27542 27872 4720 11237 28108 14134 16330 259 20520 32568 23998 31614 16631 29782 28425 8173 19451 26259 27059 6662 1192 6119 21223 14619 8339 15586 19714 5605 5671 28819 19434 17793 5017 8104 25505 15800 25119 11990 25882 20099 2397 24700 15691 21710 18208 15747 19075 2685 12111 1416 7166 6061 2079 27197 20407 18748 13957 6668 637 4235 20209 24062 1609 12418 7737 20188 21199 15317 16083 26004 25683 18566 3656 27357 31934
sub 2590 31473 22642 16820 2956 15449 24930 25771 31123 15555 4836 290 13688 26738 14337 18059 16188 21615 4717 11613 13507 20769
sub 19510 2845 9749 22993 19877 11839 23709 5037 20465 16122 28117 30481 15593 7660 7598 18100
sub 18203 3409 2158 13066 4048 4699 29717 14086 2377 1773 8102 5056 25359 32512 10116 11042 4663 2784 19482 10232 4651 1249 22722 22855 8877 26445 29157 22496 10008 16034 3683 10806 2793 3066 8245 23149 20351
pow 12979 10015 5328 29133 5075 16699 839 4168 6663 11252 25693 15750 1038 28381 5607 16986 4223 17154 20050 5833 17757 3113 16605 17772 21995 30551 20997 7702 6850 25238 28737 31671 20512 29174 25840 8576 3715 30162 12688 29512 12663 1620 19760 3375 8364 30779 22056 32385 12107 3804 3079 11229 1418 3943 9677 7318 18559 6508 22619 14169 29745 26782 8487 12816 7157 25558 10548 14599 1272 7515 21570 4429 20248 10336 20546 14942 8184 26574 14604 21246 1107 14916 9300 17768 31632 10076 10714 32424 24983 29233 15330 13638 10980 13598 25572
pow 27336 14212 22185 15449 2142 6596 32543 21650 3359 7289 22618 26650 11037 5628 22939 25150 27969 16161 2996 20119 32400 28013 10860 1246 30380 15747 29988 18176 20382 16864 29371 1397 26834 2504 11440 15822 15203 5248 9606 10126 9114 1214 3693 9019 25521 10334 30
sub 10326 15111 27078 29578 29932 12968 6649 4071 16935 26685 5296 29606 10371 22685 20593 13311 15848 354 22145 28403 15069 16714 12724 20183 32762 6109 16259 26384 3995 2128 5983 19996 20444 9130 31813 6354 10433 32293 3219 6890 21172 5079 9242 4287 26933 24721 9332 5716 5581
sum 3989 26435
