99
sum 651418163 358106424 142718169 1630353638 634533103 1296864580 1386995701 173142482 157546347 1202516496 1521408209 1974084990 643259815 464971676 848640877 467156970 530211747 1225572840 45048777 823225622 402048351 314674420 1672441317 1628018946 999161563 388306112 1988441537 899641262 1561676823 810542412 1442469725 340286746 584165651 1768901272 1041116857 2117897542 2136199631 349261988 85055445 2137189426 1911833163 1320207216 1115958961 2013079006 1259288199 2025926396 1068355405 756262474 1879091843 2054872904 234689961 1268881782 1524652607 1378279508 1596071365 1249962850 1375584699 1118502432 2062205857 1461078030 320609527 706069676 1860084541 951917434 1852729331 1290436600 1402673305 1458803110 223567535 573389828 1139752885 1313248914 1624341803 1815004368 1639445649 1073600062 1943207783 706258524 75223853 1216855210 488759651 775498920 1841772425 1218803158 1294196511 1695507380 524828069 1834413506 1935045787
pow 420943744 782942593 579260526 931847639 1062523916 859070237 1551272410 48371411 413263192 689992313 1676297734 344513423 867719012 1723602837 286585074 506701835 469694000 2135042673 558118558 609925191 1091915196 796346125 323781386 506857539 1663019528 805685609 917832246 293164031 265492244 161074565 1503895586 634394491 2084659424 1186803553 1099499726 1813614263 1197806444 527665917 1519167546 1432663475 1903000248 2056666201 1236839014 363612271 332047044 1626365813 1306917714 1850917611 637097872 1041944657 459818750 475947303 1527719196 186133229 511310186 1718951715 1678137192 1051773769 1349009046 110672095 583662196 529452389 192873090 1805822555 436329024 1410993473 162853166 243281815 631145164 1276389085 2048358042 1462650003 1210400792 1609856569 1492565702 1299555663 414981668 1107564373 1993455026 291950027 502655216 490333745 1510082398 1469446663 559819900 2111209165 1730682826 1696015875 1204106440 1606434089 2086087414 1194986943 2051804628 2124365125 1795232994
pow 1124478267 1815118752 1136220961 2091026830 947306615 1230578220 1838035645 1848571130 1970717555 1503737208 1295196185 238846758 882700847 618973572 896483125 1777344530 1135069355 1674357328 2006412305 883521470 230261479 1230660572 170541741 1450112554 89398499 1899250216 892083977 1293535062 706040479 2125549876 1615011109 1279383362 640851995 950361344 1586698497 1206505966 1068843351 770503052 1415163549 1441473370 427176531 783899352 306854393 304215942 2145005327 647800036 44685077 1901673074 1028502411 592812976 69951985 787912734 847313863 341560124 1317762701 1097235594 778306499 254508936 1022128361 21500854
sub 1105364863 609338516 435318021 1868122530 190841595 288908896 1235175137 1159907918 905163319 1521610988 1827576445 1013187002 677679411 474329144 1529988057 960437222 535124975 406564932 220978933 1126499538 848334443 1416150288 1441646545 2021746814 1973707943 1337615004 91363949
sum 1764143850 1132386979
pow 478342376 1358508745 58331158 1566157919 1803905012 488975589 6253570 1690719707 1405198272 97903809 2045080238 1760170775 1660952652 1069872733 414289946 58318867 1126053272 803323321 69988422 1098283215 1698724 1416451797 23822130 1403541835 987631216 1540791729 1826744542 1121697159 1422797308 89534029 2059901258 601661827 1611827784 659186857 1783086198 120766783 1621375828 2001951941 392969826 547199163 706283808 1882124961 399100686 1649435639 1714388908 1901380157 1307299450 133046003 270199544 1951541145 528512166 1296401839 1888442116 1944469173 977578386 1288508459 1720553424
sub 1625154449 330307902 1105135207 149889372 1085256237 258027434 716527715 1823627176 1373111945 2018056406 103138847 470171316 1375009957 949469378 689818523 169255552 1101164673 2087179118 1742644439 261623564 1108737565 724221146 251219411 1007931480 1752891769 1674881286 1745519247 133427812 588158613 1741194226 1177992971 860832048 201038193 545520030 1449541447 1567967420 1173792269 738948618 792788803 557470984 1050286185 471213366 1558887167 1107522068 1921125509 1408889634 1686040187 898788320 254303841 827821006 2068633015 378654316 243313149 1803967290 1842572467 1273030072 676612953 1438682470 1920823151 1889516996
pow 895377013 1880034898 1679645163 1224417936 1613217617 1928694270 539584551 1337499676 1067649517 1105095786 79140387 679641704 931699273 1883693462 1245290463 49534324 980585573 1168823682 888734043 979658048 1236843585 1815147566 1515386519 1047838156 1326237149 907454874 1974762387 274344728 735446329 635183558 156650575 1625995556 441292373 623921330 1186522315 459879408 1012553009 379374174 2061533447 1762731900 1949097421 770839242 2052136195 2036522952 1654361129 997412342 1221227711 456091860 658406469 1438803938 2026112059 1919192736 1045137953 244059278 2125006711 1452858668 405950909 502507514 1943304819 643276920 1190670105 817849894 88938799 455926916 1565802037 1162097426 172056491 1785820496
sum 1535859473 1125235390 2118355431 1054269148 1175200173 962488618 1531286499 1454599464 1103818249 1882417750 257243551 1393437748 1381882917 945334850 169342747 57337856 366528513 637588718 503777367 978726028 443108765 573920858 829122899 1991329240 699582713 2130860678 2065290767 1841184740 636114453 2053295474 1190054539 1105979056 1421005041 1542216478 2114618055 1919010364 867751309 423325578 1858927299 1330391688 856604649 757020342 277999231 2129141652 1900588037 226860194 1059903995 1599041888 1431860705 1814515022 707066167 1359260652 573159805 770946234 1940998195 910105400 1610470105 1161625318 997491439
sum 855034692 931651061 1520703442 284763499 2041612304
sum 449361617 1891937150 166554535 822730140 1470822765 1856054762 2015318435 1040521192 1885274569 1020179222 2067305311 2132099828 1433856997 1633763074 1782230235 1139419840 1573032897 1184331182 1354422807 234642252 401315165 407290650 2078152467 1708728472 1372671161 1678201670 1393893327 1362003620 1906628053 1746932274 2023256139 899111280 2093288625 1026730974 1839481991 874980604 1750764877 1185385546 913610883 1236677960 263435177 366600054 973154367 1072535124 1818270661 738431330 1501130683 991106080 1812930977 1189694990 2072029943 1888828076 2548029 608600442 120182259 1381455352 1126512281 1744394150 179547311 985494020 1337540021 284081298 168078123 1702386384 631231121 684612670 820448615 1091673180 943690029 442933930 1694814051 1698136744 50648457 1524153302 1940106527 969480628 1065204645 1367643074 1461789339
sub 446836096 422977409 716494446 1345219543 69683724 2069077277 17493978 1322026195 345095000 1408340089 162204678 1728588175 1845202276 1765610901 791156466 1299568139 1160481840 475072625 1194310814 393070151 690045884 902956301 1324771594 990377539 1331757064 407529321 1516455990 181936639 1895812372 1950763909 570181154 694797691 74413792 1513065825 1536298702 813440183 1611303276 1172949245 1236012602 134095795 291524792 3037785 766799974 684365423 1967184068 1906859381 149168466 1193537771 1552477584 1137749585 1475267838 552628007 1236146972 1804200173 896458602 1807093027 319466856 2038196553 252806294 508987103
sub 1978249332 1278364517 1501735042 311122011 1716711488 2146659137 1863907118 975289751 664205516 945906909 88202394 1677111955 2040206872 533959737 1689093318 1286796111 1726305316 947066197 1346034610 2001140683 2137554672 1528218673 1185123678 153552903 202383996 2145336525 182977994 642192387 118262472 747821865 528183542 148298687 1692320724 616151877 539998946 1354619707 2049218976 930724129 652316558 1188515447 170170412 1194487997 652499706 267268467 1243220856 1725513241 1798195494 192495663 1698758532 689257781 591676946 1511454379
pow 1302478928 2098940433 719715774 1204392167 1704942044 894042285 2021252138 368249571 1312725032 327531785 1580797270 1628512415 1714882356 2002033445 169573698 507072027 1169978112 163215105 1887688686 1817497431 1124820876 47508637 229345626 891068499 1270165720 1698125817 701414790 1507163407 514579172 1258738965 202924146 1741414795 856568240 550911985 1213079070 277875143 1471398204 1782723725 322724490 1643246019 1467536776 1816989417 1239570870 2042451327 776632980 1501227781 392032162 825602299 452099168 1538106593 1704448078 2085765175 430139116 398514301 78604218 2025455411 323257912 115728857 891740646 1753197039 1300096580 1103092981 13576914 345881707 1736725264 423601617 242478718 1395815079 1873107100 423614573 1548196074 763087011 1569932008 1356910793 219108886 1637055071 2104565236 2091166437 873402882 1005257691 396277184 1850426049 1270184110 75997463 1631884876 1315845213 1124595226 2080263699
pow 27265944 333241273 1305392710 607110863 940515748 1287148757 1669375282 1355056971 1859953776 357530545 418344670 996723591 1187782652 1488645197 1085505354 399019907 1734729800 926483113 2119697014 1665896255 537063764 776592069 944170082 1821460155 630791968 1586188449 343200014 1319956983 2034693548 190119997 1808610426 1545702643 1134543096 806634905 1616788134 899535791 817335556
sub 1198013621 38064018 142098987 418325968 536723857 794337086 820712551 41949020 1529573421 429397418 1007699555 1204333992 1900913801 542400214 94213151 1851258036 1474460325 1746757314 1835039131 2058991744 627428993 1567480174 1618621143 1292010764 1324170269 236397274 844872659 1377543768 1535385465 91057926 25284751 365897828 692556949 389261810 602991883 26466096 541226865 1162313630 1467043143 1410940604 1862886413 739073034 831188291 496216840 756463209 563899190 188844287 1288185876 2129037957 1940560162 1687198843 416842208 399686753 1882755534 2074567607 1406092396 900655101 620609850 333765299 1911274424 1914988889 26497894 680770927 1370354628 97410165 1214592082 124159979 279099536 1494588753 2052329470 246642215 2028967452 2127349741 690705002 191923235 1402919016 1955346505 1556621206 1928293855 732662644 1154353765 1996913538 1952034651 1305312064 1724521025 1114438190 502039703 285553612 2014446557 395906970 301263251
pow 870842648 736961337 1164634054 126589519 1521217316 208966741 670133938 319886027 2046020080 1768895281 437669982 1919520519
pow 979049852 284007373 772405450 1492716291 549598664 765864489 1483707382 2002731711 123346644 1729165893 2051608034 989049403 863020192 524544033 1973621390 16881015 335303468 1787727805 956370426 969140339 1961391736 483806489 1837706278 924935983 857807492 145898549 871389458 589860267 1029638992 1279736081 472268990 1514903527 1840501980 1206116269 1136742186 626819555 131449640 442272777 1193979990 256444319 1747706420 1059543589 1904889922 1385604379 798621184 708322817 1467144942 446600791 2014093964 2107411357 1213054042 344577875 1573198808 886564601 1116151942 202187791 1768256996 1644123157 1450832754 266664075 649886896 1486204657 605806878 1511100615 1951513660 1646760845 1600738698 2010310851 1471250568 1487363561 126975158 1835318399 1652086164 1116285445 1021461154 1366984699 1948354400 1285477345 1635013454 477857591 1687036396 1035204477 1888950970 662615603 1666576696 1072296153 956089574
pow 386322671 399573316 466869237 1705393618 763253611 1306795536 1095931089 26161534 1098086823 999084956 976271213 1645874154 1402224547 724397544 1652465609 607910166 6971743 379123956 44984805 677963010 1238850267 2128560320 661647809 960461742 1951426583 215535948 1397543773 1224026394 1943700755 1181939352 1711565497 1904351558 616984015 1690025124 1437062101 596457522 1277992523 380497776
sum 360049329 806891998 472470151 1019026172 1182223181 418083402 936937091 1763806024 232411561 1405232502 1930556991 820268116 755964357 1815492450 1239752123 430647840 933461921 812405774 1272264951 809808044 48176957 1417668474 1993688051 334769144 723473561 951000486 1040448175 41789444 1257454517 1044832914 942135595 821162192 1073197201 1464787518 837491559 2100990556 426987309 1022724266 534232419 1147525288 213021577 2025587158 739474207 1773326260 186857893 744634818 1541132443 1516061568 1446083969 1150475374 146930135 438943756 753064733 38753754 698806995 615616856 1865592441 119263750 662140815 795788132 1395528597 1340816626 967312395 411574832 131065457 1254834846 108057671 240990652 1637663501 1934642954 46785603 1003640328 1828652393 566332982 1311174655 89948948 40028549 2030365730 99840891 583896288 940698465 525014222 1288612535 568328044 1305478909 763065402 25661875 495134392 1849063513 23082598 1641604207 904335044 1641044853 1586644818 350559979
pow 357073808 267816017 170218238 1500675367 226300188 1768662765 1293141354 1407646499 440337256 414713673 157993622 939807967 1413047924 340117861 1312181890 1248069211 550766144 1849477441 372047150 1974684567 717188812 2115936989 488391322 1873748115 1866525720 1076015673 2014595782 702562639 1816037924 106042197 1549009330 169290187 990582000 1466147377
sub 1089803102 648549895 603068540 391641805 1196944330 40305155 1988354248 1440053545 374322934 73640383 849443284 1581529413 336486626 660965691 1313386400 1705645857 718312846 489151607 606080556 1917234877 71942394 1633001331 1455612280 1492081689 1741688614 2017824303 885863812 1814772533 659057682 1433805995 1772607056 957294609 1188201406 633970407 118771676 1842986669 1261748778 2038560995 863563304 1179605769 1527272278 167571103 149732660 433461541 514138946 389020699 1896057088 1733416193 181263854 417619287
pow 156884364 2059414173 35385178 1068699219 1558251224 143947257 2032894854 29412111 2112557284 1523831573 159876722 792334219 1291241392 1810963953 525706270 1250891719 2017179452 191427213 767707274
pow 544202691 2146839432 1746775273 372023222 1535648639 1265840276 477325573 772969890 268132091 450663008 405537505 264033870 2057358903 1640291564 67311229 564841914 1879010611 1450400824 2064252889 12494822 923400175 1106254916 902028021 959008978 1268443755 1557129488 50430929 2048291966 1152417959 1153453724 712873581 806911722 1516811939 1456707816 356019913 844405782 1203587167 2056049652 1469327589 1852749826 67088859 699124672 2033230017 1060470446 269823767 1085869132 377975389 1510890522 1400028179 1683087768 944241081 2132900934 1155077327 120870820 2087932629 1480969010 1523627339 1561016944 1832409521 850195678 2145769863 1174017532 563063373 2135909706 111443331 2129213000
sum 60268713 1175996534 1498701119 579970900 1487952069 2010221154 1635054779 1195980064 1733799585 1255134990 1660518391 1166961580 1455767101 241080954 1195703027 1934923512 608592793 552337574 333849007 1611645700 1247427253 1962210706 152268843 1568717776 1972215697 1353786686 602350183 1631653212 1662463533 880737194 5977187 185533352 1160987273 336569558 1459970591 1540991668 1228929189 1314065602 311633819 1770835584 463023233 270786414 956678359 463272716 87325213 229869786 615393747 1012104280 2130525561
sum 1052128518 1223237263 1792695908 1458606741 156159986 2124094219 973630768 1123636593 129697182 342645575 132986044 2106335757 1421820426 516217667 1511850248 1208177769 181580086 1133008639 1253891604 1857751173 1644904226 2106739323 1380882400 720181857 415864782 334623159 2050800236 2118985213 321201978 1088833715 1143378360 1684309849 1561860454 1150946159 1374431684 1974360693 2070633042 1604302315 444223120 1483963217 929207806 1898808359 928418844 459703789 1361590378 890860067 384511592 1442829897 1157197206 1570061279 529744244 714704997 252846466 78273883 258380096 105609281 442040366 829821591 616933836 981942749 1170961818 1831163795 1537595160 1282687289 749317574 598796367 1268589860 369857109 492999858 1280917707 1924030448 351539505 1799345758 367172871 2027230076 52320717 114417354 311490819 944868296 354469929 152820214 535040191 380949716
sub 2052290629 494908386 101933115 2058140320 2058110497 1986664590 189408119 1787808044 1314573757 952005626 1990415987 531188856 186936089 167965222 1055241519 440750212 1132476981 759987986 1627372459 41722192 863180561 1525335742 440640999 1640024796 388734381 1054094634 40071139 19405096 123611657 1238496854 1093457311
sub 2021234740 2002835493 1097594434 1543852827 972624896 822576129 982835438 1462117463 653465740 1782565277 1796612698 647513427 2030629336
pow 1349321977 2109466246 720400911 205302756 629428757 1430329714 902506123 1438454448 1256754417 1778083614 1376296647 326218300 1443254669 776420234 1271453379 4642440 179305449
sub 632537782 875006591 423201684 1463396357 451864738 1555576315 1059298656 777335265 544299342 113382711 1095210988 1521366397 1206550714 1111237683 480036664 675679961 1013746406 948510447 2077964100 2140133877 727213010 1593016683 1145549840 1313632977 671725438 1290373031 994036124 1512469869 1984098794 838413731 277201896 1494105545 1733902102 663498591 1498197748 1800792037 908102402 1516505307 1208243904 1401769921 228032942 1205204503 753223500 136188253 643010330 180810515 188533912 2057799865 648863558 1952955343 1333326500 823841237 833248818 1823525963 1911850352 211208369 1353562078 1453219975 310579452 1510213965 601839690 1949070467 1488773448 141619113 89811830 101893183 621478484 556636101 186178914 591449019 1584611360 1571282337 329210382 68798199 1763976876 1996971325 1231637882 1030795763 297861624 193557145 1226105766 658786479 2037243396 899496373
pow 1448020114 1799030571 1318815440 817860241 1266640958 1994336615 1586727004 672599341 808742570 1301982051 1271148200 181408137 575621078 1987266847 1959560628 37271461 2112872386 25591451 1481136512 1704778625 1881203310 1631946711 22820364 1205999901 1615051738 326197459 1224828760 2061749369 1547474950 1440138639 2014443876 613355925 1935565554 1657418251 370456624 1103021169 739690654 1902371399 1892233148 852984077 5911818 1971049027 678669320 774087529 214946870 1533394431 1290352916 871319429 1589482018 997007739 1465623264 1617185121 213129934 1091647671 216364396 925254909 100325946 1107361715 366345400 1152292441 1153170534 1087844975 1438467268 828922229
sum 1324379474 1469467883 1345853840 579627601 839637246 1172605735 645662492 79521005 1701358442 520612131 2040748392 476292425 1064571030 1403134687 1035541620 2009679717 1771697282 321696859 1233460288 519448385 2129724206 1093982615 790095052 491512029 1101441178 2052558483 689357336 1088540729 321589446 1694338895 684179492 731976021 454895538 1238849483 1356704496 304119857 1224120670 806953991 1761873532 1145092301 477614538 2037837827 371930824 1535645481 1624505590 971012031 1670655956 725530437 1184696034 1190999867 1755104672 1313502497 141532046 996698743 390825004 1858792637 106899194 1772948851 2140911480 594901529
pow 69326118 2063719471 327773060 2125543733 1979486738 902124203 937258064 728958481 141494718 666479847 767116764 869891245 1319086122 805365475 551765032 1300822281 1132960086 618183839 1725068084 1204262693 165595458 286698011 981114624 2002334465 382198766 1164176215 14177164 1008429213 859592026 960068691 1648155864 2086769657 3688838 2006718735 1146767076 839962901 1772530802 328744331 1896832432 1702624241 873277982 1618879943 1978903868 838840461 284700298 1776143811 144933256 811485929 1713825206 1732440447 2076960404 1658578693 863452066 665914619 284600416 2132435169 1133632590 819944503 857101036 833967229 324416442 238345011 1708274232 933109209 470183398 193218031 1972523588 1765267701 1815312082 1468536939 877362960 322134481 996735614 1243516583 1326138524 959140973 1687774442
sub 1246078115 138669800 503319753 1934221846 265754207 1658358260 770942693 796810754 1023696859 166257088 646315713 1415939246 194166039 22905420 403746909 1573175834 165095955 1798551448 488839097 405029446 594698959 1837731236 1671319765 1606086962 1909252939 90820720 1670461361 974813918 273868679 1381501948 1607755853 916147018 1886415747 647793736 208027305 1099468406 1766665023 1750097236 1988548293 1443639394 2135466683 254364448 177474721 987421966 523636215 1258676652 1403354173 899678330 1230530803 523857144 1357414809 1630127782 1746825135 2123888900 2092710069 307567506 1319018027 876761552 1636662673 2008656702 450048103 624034652 1483926573 1612046762 2006327907 914708904 1300816009 1400564438 2052927519 1686855860 638416549 1798877890 414569883 1452270720 607947393 344581486 1904299735 2070376716 1693169693 704638682 1710266323 2059096664 1390828409 263125766 1044409487 118854756 738824341 1041888754 1446332683 1554842416 1948267377
sub 1742637982 223832391 2029071036 1904140301 639707146 1995360579
pow 1456887560 257946217 1471739702 96412927 1004639252 1107265157 521921826 797177979 1643425248 1215789153 722116046 1143766967 165294188 1750819837 905743674 1960294067 1116825528 2132059481 1749802854 1183865199 1901748164 83777653 153190482 1825104875 1719788688 1581341009 706812926 1201115687 183337500 359678957 970268266 28467235 1919386728 1541633097 685421462 170592735 1588262772 1809122917 231589762 1709902683 2133829440 675075649 1945437742 351248535 2041978828 376209373 1085135770 122013075 127118616 225140537 1536717766 1573271119 868113188 923963477 92519090 1922133707 93910512 1055452977 169434206 1699457799 612305276 1254037453 944358602 655943427 1074848200 420177449 1299718134 1113120447 1228901076 1627780677 1063672290
sub 1512246843 1209585824 1350870049 283188878 495104375 1515405100 1133972413 489413114 712164467 647635576 300058905 103594022 479855407 1352238724 230570037 827893010 1137109419 969553744 286192913 2136951998
sum 1043051495 452837596 870538157 714545962 1918524899 1118465832 147834889 2015968342 620798879 66539060 2064274981 670932034 644088091 579348992 709288449 1332143854 1402843735 1191808652 1616054173 177113178 1737929555 1216137176 2087854841 815836294 1472446479 1447289316 1886998549 1991786354 950097035 1324198064 732654321 764079390 1710206151 1338091580 257232781 97853834 1789838531 1225534600 1227397609 126224566 1692031103 589971860 794437125 665554594 1625678843 1079358304 2054918113 689856334 1761125175 1731268076 2031645565 871229114 1139380787 1645452600 420621529 1334595814 536571119 1595239748 1656477685 733645266 626569067 1557875216 1102467281 1681145214 743413159 807583644 931935085 723245034 323885987 1846417896 1410194377 103187734 1889402207 1194353908 258827749 176697602 467711707 525954240 1645915585 1134528430 1263240215 1847704908 912215901 811726106 1084449043 875995800 263890617 59221318 1106840015 291907748 66965461
pow 309822514 1512372811 1198201712 1646765745 519257566 486764167 897124092 587253581 1736654410 1802527363 411580232 2138541481 715305334 1929613887 476166228 1220285893 145458018 1703705019 158029344 1578908577 1887592462 609113335 456367276 1553963837 50508666 1526472691 1270732792 1684246681 422226342 1182045871 529404932 263665589 1493642898 591279403
sum 1047862480 2012703889 90172990 2143500135 1696366172 1680526125 1948472490 1850579299 2069005480 2103291785 1469222358 1388517151 1528183732 616445349 1177388482 1210133659 342060928 1199061377 761194606 1505301975 968797196 1280399133 451420634
sum 204197587 25247064
sub 1996810873 151870982 1915097999 1206202212 1566576533 427919602 1222402059 1037127216 1243456113 1796361886 1481044039 1348806076 696401677 1981029130 320716867 356844040 1538802025 462297654 848595967 1202056980 149669253 1395013666 1238814587 572111072 1395042145 600645838 222545591 555412332 32277245 1395277882 1231711667 2052641464 60208217 2009580134 1170571375 1422097092 1617975157 1509856082 255294187 223850384 2073184337 1336041214 1715902759 346750236 1031742189 2121109866 1293473571 825732968 75449161 825054870 1898967263 845730420 1992082789 732797570 1826972251 1617310272
sum 304055617 694487342 480667543 882924236 367599325 1927351962 66059411 656185368 571534905 905041606 2114641231 478213668 677384021 211176882 914851275 1088438512 189619761 1588076382 628765191 1531315324 110720717 172472266 192339459 1711443144 1034597673 2131247862 692929983 2008475092 195638597 937143522 797238587 1226890144 1901777697 1069457806 563673207 1671887404 1019161277 757370106 687111027 1151634808 1181456409 1076075302 330181167 24486276 1621571381 257996818 2063892651 943915600 1413932049 1874563006 1301920487 1502493660 122239661 45780522
sub 963630307 377330216 691181321 397860694 832866975
pow 2145921332 19469605
sum 1271426882 200103963 572634368 969969921 343009774 1909684567 696699276 1189521053 554482522 565176915 1539879640 1084142073 1056247686
sub 996632335 1912175844 1354616597 745919090 350645131 525857712 225892849 108310558 1381839815 1356571452 1577479821 1021187210 1044102083 1904269192 1158605033 970009526 485343103 1062509716 750019845 663478690 2018949883 2101395040 276348641 18276942 521005623 228051180 550998653 1504811450 1398425907 1096878136 1017265113 117322726 1710134255 1751418948 1545328373 435002578 946161259 1844909328 1238712273 1382776958 1669110951 243677852 1162416749 2043300586 2098369187 1910785256 1798810313 1341073430 971039839 911491060 2143495397 2000552962 1727598043 945158080 1984650433 189106862 1996507927 590477388 1393159773 1311451162 522950675 373656984 1114518969 416745542 1073459407 1796129700 37310165 2044729138 364450123 1744332400 2019169713
pow 792199390 1823470983 1810235900 327755341 1721184586 1428969859 1585439304 1369758889 1890112630 322304319 1899959124 130897093 1391908450 1175212219 2100912416 1212181153 1687544590 56794103 162355116 32881213 1636918906 1650185971 1196311288 905617305 555191462 843496879 206581508 1586378421 1516585362 1494862891 489940944 1677548433 611463486 363806311 1314060636 993962541 475842474 566300771 1244377000 172916361 1586901206 1873083935 141366964 1850406053 1053710530 2143847323 1103297152 1062201473 1788865390 166517975 1818355468 1846736413 1660703962 1982006739 223553624 1463777657 2019016966 1636285071 1786825316 680693397 898964466 717190923 1770101040 867635569 1706168734 1110603591 656744636
pow 1256300045 540216842 973649731 331328776 53252201 139410742 1374024447 540428820
sub 2025063557 719096610 2053482107 1204470752 1886508641 654025678 207031735 44541548 1943642621 226751290 800662707 1831615928 1110754137 590325094 779528047 804820420 868111989 1904715346 786567659 1958312592 1786722129 1385144830 301047847 1941207068 1827275245 1664222314 1899712035 1712577128 104272457 141293974 2024855519 1760734580 142640229 1933143426 404470107 489209152 1285436481 1329663022 1213804183 265721292 197246429 138428826 1616262035 934380312 1859288377 1379350982 902530127 319787300 1871285845 1616175282 96050379 850627568 1733152049 1990386270 1621408007 1029242748 1741673933 1114745546 378590467 939538376
sub 962987049 629433846 1589488831 519717076 455636037 1610416098 925023291 464840352 550306337 1158161550 933969783 1665578284 1245923773 1716076538 1429353075 163248248 823174937 1644592678 1346261295 1444789380 1735145013 1075104530 1266554795 1665650000 1696256785 159634110 1174651367 426424028 504043949 118096170 1967213539 1281148200 514942473 1378910806 985952671 178586676 1243862053 624902722 833793819 1766277120 368459777 367586542 268779607 1481639052 1607878045 649522778 1468342611 1277205976 954679545 1530229382 310840847 1199249380 1121865237 987719026 409436811 307117744 2061388017 1858761502 365345479 692166204 236178829 1712523146 1417982659 838959752 336672745 755519158 2138908287 4913044 1256891397 1662530722 1577292283 2008533344 823258593 2071684430 1126117687 1447724012 418558333 882986170 747044915 867857208 307120857 1918637798 1297988335 1098883908 1163384309 1724690386 11394411 396288016 462434001 906937214 1604690855 439727516 1382150509 10796522 2006124963
sub 1137078248 1400732105 10734358
sub 1537198943 1615076084 1861542885 631232258 239953115 81691328 1394084801 1532464558 2125533719 1351496524 1578143069 1730173722 359649043 1096841368 624805049 135424838 226121679 713252516 1313918421 1173662258 344533067 387035504 371754161 451462110 1868070023 631176444 560825677 1675043914 497307779 679710024 1928211369 1134229366 971268159 384331348 599430085 1693329762 281552827 445869088 956340641 1192584718 745726711 1181946540 866638141 21764474 1333235187 1105899000
sub 900574873 686845862 462742703 1960724996 1497445813 1181701266 1613849387 8303312 362760849 82867262 1284982119 282424412 1303284013 146946730 32540515 1393613480 1683705225 411423702 1090708767
sub 479195572 1924379557 85666754 799791771 246318464 2076415873 2085416558 1914479575 1129390604 976262429 842827738 332807379 1311839064 1670776953 227419142 2087018895 518546788 2107706773 1112846066 1809747467 264102960 552370289 129881246 991559239 758193084 1167916301 1417543946 1538240067 38164488 1975312233 1308385334 1404262911 1972544788 22561669 1446960674 825261435 50843360 274269537 1687561934 828789943 1585471852 774029565 352953914 398711731 1259055288 720294489 444827750 1889783407 855224516 1860719989 2143074642 1003006187 1286030736 453518929 1659430142 983082791 1477047068 330359021 404911978 1578747171 1090258280 1359667529 1586928790 279822047 843614324 287327077 342966402 1468928091 1702316096 1203299137 361303854 134739351 995676364 1744198877 818640026 209218195 1767009816 1672481849 1617468614 1963469647 1198140452 2089749845 817853362 1344779211 185784048 1122647089 34186590 113983495 2058877564 1583494349 281517514 946260995 1711923912
pow 2084393769 1894549750 1386877887 1862900692 2139337541 1741312738 1627165499 1876226464 1322987809 1354606478 1337558647 154300460 1545824445 2023355130 522971507 635265912 1104262681 466968870 1112176687 2123487108 302855477 1937038866 624144043 1792579664 864731665 2092438974 392808679 177418716 1747515565 1736799274 365871843 340258856 1498166537 1469457750 811620511 1412292404 1174049573 1684149570 129238555 670616320 783806209 63696878 506660695 56967052 455206045 1267540314 2031507539 1233422552 1431031801 895604102 1294120207 113816292 920309013 1375008882 858036619 1473284528 1675737073 378287646 539771335
sum 150182204 259861645 829684362 495561155 982396296 640648937 288059830 2089323903 369971860 2046616325 173049762 32270587 1606079584 1279728865 1212934222 1160542263 1900625644 1365889149 1958543290 1064286003 1763696184 169236953 1101396454 1179181551 442940996 242210037 1113047762 1848800363 164801296 652680657 1058932350 281717415 53555356 1322700909 1873490154 1926201507 330603240 2095007945 1212444182 1171960415 1962931700 1292018405 1169009154 31308763 888344000 1753266881 1674940590 1381882135
sub 641101388 1198730333 725716506 326108691 1703371672 673797049 20565574 443875023 2143549860 1480871125 649411890 1184186187 79101040 731050929
sum 302352094 352125831 312735740 1018029133 256055114 886589315 647182408 1397979817 1400445558 1460586303 1029556564 209965765 1855028322 901775035 293173024 542951585 1208019214 259992055 25480620 1639315517 305319034 307184883 1804802296 1400683929 1622495910 1918831535 154690820 1875915957 1294296978 679803435 408255952 2094872977 1457174334 343624807 1554247516 192571437 1767091626 2128346723 1174537640 2072255625 895579862 920439839 1199492276 569930405 1226047170 1204498843 723914880 1825785473 308670830 38300375 1854692620 548025373 950581978 1430614995 1947926104 201889657 2024834822 851380367 354156644 1284213909 1874870770 2084152587 1619406640 29224817 20289438 855475527
pow 310974140 162814989
sum 1123349514 1746052419 282657544 594095721 479560502 670875903 2008743956 316179077 88944930 1580684411 64018912 584856673 211593678 1819384759 1688542316 549969917 431708474 1904906931 1140265912 767877465 230910822 2085418351 231132100 32396405 882756690 636174315 1159794832 2100106577 816719870 1346088487 1907060252 567525357 1295968874 62143523 1911566440 1425715273 1672298390 690398687 1047159668 10224229 1062540162 456943451 1766970176 1936691777 742199854 1270004887 1730612172 445053917 478324634 2018943379
sum 1811896600 1890163513
sum 277217222 734057039 1771095844 1064340565 769001138 97635019 2046697968 237153073 819751006 133023495 1130558844 1515230157 625578186 1626915587 538938824 1982898729 289450998 1964145343 400881364 683340357 2135139810 487746107 1971387552 1803903009 316615310 1506004343 90843948 1650427837 337028602 1994498163 1225510520 1756284185 495993894 1506975535 718402180 1351234613 1501622546 2015708587 2130010960 798404881 2035833022 835440615 1560784092 1436735405 1412228906 186137059 507452200 1224934409 1474807894 41435039 209893940 1689080357 959506498 2112970011 238441984 1947573761 236647150 207408727 1522956940 1758036893 1066357850 1986236243 66352088 97279737 2105161862 1530551311 1608666596 481512469 565611378 1428009099 534697136 947988209 767162654 1636681927 535925820
sum 1380092813 1325460874
sum 155885763 992401544 1802098153 372937910 68154495 815508884 703275525 1295309474 1410416635 1699340128 1377324001 394816334 355843895 244578796 977071997 1241821882 2081713715 294734136 335177945 618388710 1085278447 588896580 660853749 1552864722 1894976363 1955755536 1541016785 496585086 1726722471 2037951388 715632493 1994236906 1590163363 296666600 1465718729
sub 1456541974 1754372447 612880628 166486501 124222722 833229531 2022938816 646277569 1421841326 1644601367 1412081996 2133969757 1250869530 153894163 851070616 993059513 877474118 1458283983 449877156 269732821 1277284402 467490379 1625835376 681140913 1150175710 1302170247 1660220156 1430930253 417008202 180895363 145679176 1658112425 1346583926 1521823295 345973844
sub 841552325 534826850 619959739
sub 300646944 1851062177 391670798 478638327 1793231020 2082477885 1145405306 451083251 1950843896 2137509017 2019964326 648360623 2036236292 305869749 512195218 571773227 347621584 162998417 1244723774 1566266215 1639869020 1688356653 1846616234 142832995 1392455848 1070132105 1697192406 1093841695 960079796 1813590437 985190850 942049435 1193909120 41874817 1558901870 711995863 504600588 293589789 641789402 712026835 789637464 1083647609 1774119430 1955901327 2098961252 89262997 1842861298 1271970827 198867504 1177247345 35216030 433916999 120394172 120044301 462939914 1328651331 1870114312 2083618153 605726262 1052911615 1454332692 489996677 1745323042 1903831931 2049303776 402350945 1326394574 762897079 1159059308 1003028221 1268321338
pow 755845555 133070520 985067609 753880678 1097997423 1885333188 1557156725 1076551506 1565120235 237427600 15598673
sum 1809804030 1121629479 1889069340 122855149 847732074 1376432931 686840680 33980233 1202709142 840666335 1029193332 1190379877 602203778 1395048027 1488477760 1069695297 1130173742 56198039 1128351436 326343389 2070272666 334551187 1874347032 96414265 311386822 1240824143 696476196 674106197 127441330 381149643 796224752 955718193 857418590 1410092551 1197076604 1268445901 804750282 4635139 373373128 390066473 914411254 905372095 1233932756 114176325 1449720034 1533296955 1555629984 1724616481 996978062 1170871415 133031468 1291298493 1757370618 1280530291 591804792 363320345
sum 389490470 114738735 182324612 316879669 574161938 877845675 1335766608 1228840977 795122622 86628071 1086859228 1450751661 2097175082 1159573731 440550952 1574294281 52783958 554444447 1671664948 373035301 1403763522 74101787 1275060480 1443843329 1691743726 1250071895 242464140 952967837 851281754 1064093267 728784600 979955193 1669241734 751698703 46655716 1684523797 1512316530 1850918795 444145584 1757189617 1683209246
pow 1240158151 507219772 1180953229 1857675402 130521027 1674281864 1405101289 1815459766 101931903 2146830484 1253400837 1539648930 1148327675 946137696 847608545 422637134 591070775 1579857132 1131155069 1685611962 1383408947 1561244728 536508377 1274920934 747843567 194573380 3396341 1701963986
sub 2028970603 132006160 711523281 25201790 1376303271 755771036 1439993453 1178343146 729575075 1840574696 1391912649 1548334102 868515935 517712884 363995365 449662978 229796315 2143298496 2099648705 1578473134 497772311 174777420 1967942237 1963455514
sub 1722053651 1492728216 1314156985 1363973190 853429455 732508068 1707035349 1715102514 73493835 1537577584 2101072305 1652755678 154800519 1183968764 1531093581 815725898 259274115 2127990344 292690089 1777950838 886543679 1286373204 78270661 685515362 1315155131 1273597216 317269665 1696329486 1133230071 848053164 1927689789 1199846010 1496494835 201846520 695131033 537073830 677861807 1968216836 813839029 1788186002
sum 1021323307 631706576 741152657 250821950 389503591 1344595292 1227236909 1190826922 250014819 705190824 556382857 1474084054 1342478879 566264500 1091956901 168404162 1891491739 314123904 751215745 198965102 1519646935 31904524 2092003869 721756378 56091091 789763160 1900131705 280579334 837179023 115816036 401902229 1822124018 1252250379 1102759216 1580518769
sum 979967390 1605931847 991759548
sub 771168781 241621514 17601347 1310873864 1880476777 344705334 134450943 1114617364 275579013 778950434 1526268539 369553376 1605800545
sum 1542303694 1685858743 802329196 1864769021 1520615226 978059443 1190259128 1103429465 671560038 806568815 180683204 1871598197 1382281810 1373924843 1471719056 374010705 1149021694 41270311 80897052 875396589 2012991594 958212643 368871016 1210994249 983467414 462189535 1595021684 1411874917 1914747266 1867322715 1672145216 481357889 183048238 519850647 2141684172 1119631837 2104823194 1330057107 612183832 317765945 377800134 1067851855 927071524 650611285 1845963954 1926887627 1534638064 862423345 952495710 1529271559 916253564 574706125 1624340170 105951491 2020533192 1332428841 279769590 89606335 872393940 163409989 490359778 200415291 1434260128 816692769 2053517454 63724407 1086169388
sub 200000957 647236602 260116083 1686938744 951903001 952764966 961998127 1320560772 1226322485 2107447058 1237087147 215152976 1887604497 1323097790 25419239 1708434140 1521128877 301976874 870262755 944861480 130327049 156175958 2082213279 160460852 1252446245 1674743362 186649371 290810880 1151663105 939325678 1218731095 1315762316 2066530717 1427618394 1144126803 1878542808 1663139065 393150086 836610575 528057316 2113423893 725463410 1858330251 2006936240 1687422193 1784250142 1229248199 869370428 1541491085
sub 1084150666 151031491 1685859976 1328706537 1125964470 1922220671 874275732 1281073157 1711374498 1125051899 151778656 1569630689 2101702990 1597787447 269316076 1559702909 1947736250 848419891 2073567032 504792793 1728815846 2045925103 65277764 148886005 218168274 1982347627 1941310480 43248337 450088830 1109508007 1307287964 1079864685 231115242 1223484835 1472666600 1605154249 145643286 393439071 335251188 1616109541 803152642 100057307 2054729408 1549977537 802658734 1967926807 2029461324 432212317 1521297178 467184403 138683544 1368654009 137885510 508359631 1649265316 1229375957 620688946 1881244747 619634032 427442353 467914718 936548487 1836771580 1050083661 110030922 853290115 956971336 1328244649 1352369014 1433795647 361093716 1946652613 964916578 571442107 1869846560 2115589537 1632334350 1955331831 142737068 906515773 1273947514 1027500531 1658083832 1100081817
pow 126614438 1738899631 755938820 983904693 1632608402 1760018219 2065817296 1413416593 1428258878 839868775 1473732700 688260397 605030058 33973091 2065532584 262572425 1031561174 1397915935 823352756 284077989 1728477122 1636906651 1037349248 1537889153 1329134190 45334487 1241910796 1379864861 1995789274 1341855955 606125912 235422841 497004550 1521745295 1652478308 1953696149 470481650 1756555787 841420848 970603633 1512366238 1955600967 1582892988 1847752973 1264700682 1839434307 1557726216 1863719785 501804086 1942025727 1794904340 1551974277 142617122 179558779 125041376 1779286369 1664627406 24866999 1423658348 719273213 1993896506 155629491 822170808 854527577 789255270 942697071 217455812 707285365 457770322 1941636331 1373008272 759423569 1787162878 2131542823 1582817052 409230573 1302086506 686530851 1762963816 393354569 1819879574 1434016479 1402467444 406273893 1510509698 1605332059 975795264 2050727745 853613358 245043607 1280949452 409000157 1387282586 442058387 978197016 138299449 1281763526 2094188367 1120704548 725420373
sum 287424434 171446219 772276976 1836316721 1910288734 222125063 1093396092 1313059021 1742170570 1662429187 1990758088 246583081 1338316022 1395896255 121571284 562605893 62365410 515632955 265100704 959180065 2144056206 63611511 1608080428 255583421 2106900218 812303731 1021251448 1106113049 843640102 1632834607 643449732 1663643957 464333330 677513899 1720960080
sum 358776337 130097598 383378663 2083331548 1379431597 1126907946 1197252323 678206504 919564553 442806614 61338783 776555316 1911394085 430268738 34693659 238483200 802597633 932183022 1992434519 1253190540 535322781 1453190490 1957901395 25965784 1878395897 1229676934 1516851471 1710694116 1499777301 1157842034 1181808011 1733408176 470250481 1875591710 1335516615 280200508 45787277 1957676682 2096465347 1832442248 1304478441 1257242038 965618047 2098118292 517857029 468308898 1072153851 121569376 1127471329 1942352974 960074807 1413229292 1994280061 686017466 208311091 489523768 2119079385 637896166 416120303 1006316100 828887285 54267602 1486671979 1746523920 1415240145 429068926 657901223 202841244 1514294381 2105343210 655973539 2145732328 1837008073 201259542 60706399
sum 870801908 1506909925 1989998082 175577051 415054272 876312257 2047188142 1491662103 1338989132 1553311837 729700890 415818259 1889210264 888115129 152001094 154639055 1857971620 715802837 946833714 1327340363 1824794736 1834266545 548442846 1231495047 128967676 1866948685 1252713290 1694507907 1732895816 201373353 875144822 747660095 522925396 1883295429 30853218 267868859 747217696 535135393 1004991758 529024503 482589100 898004029 25532538 923148531 682411256 936442265 1593892518 1415554991 1352192260 547631285 850768786 371938859 1160292816 1911354769 1287373630 501442663 685103964 1950475309 894532010 1373756003 1983820200 2067749001 1174930134 991717407 389167284 1269001893 28265154 2057342363 2021407872 2133459585 1459748206 315590359 644958476 36220957 974227162 5918675 1044032088 116052857 1081217798 1593681039 1071803492 181242005 740724210 368967947 220158768 1226550129 290235294 1214488903 551617212 933877773 42516490 83263811 1268494088 1764911721
sub 1882328886 1912233215 5532692 1903263365 641629474 1890234491 2121074144 654372961 351188430 1953937335 1680869484 1593072637 1345987898 167603891 1981595576 2117410137 1912272742 1237946735 653473732
sub 2090750069 1255807058 852335595 746601616 903401809 234566654 681560615
sub 757684764 603405293 1667806826 292952099 1379458152 1607593033 222284694 1340228063 1256836980 52624997 194797442 340640603 204734272 1214402113 1799691822 1110825111 1498937292 73496541 722957210 1697086867 1630209304 1437062969 1681099718 1903914575 2082681636 630098005 552096434 1288840907 1461931504 1461479217 241136734 1515184903 386326908 1067585485 1963547850 110665475 1089354184 1159061033 600389622 260839103 1934254804 1043328581 971043298 63030843 1000941728 1883642913 2073900686 902097271 356587308 1189610429 499216890 521174131 1547532920 557515033 867422246 1858812719 1103781508 1360408629 745094418 1078174123 216043344 668888337 168912062 892070887 869374172 757224365 1082307370 1872106979 445892392 1526087689 1717982294 665836447 30287412 2081443365 623129666 1497282843 1923383808 128211457 328138478 1155263063 860055180
pow 385875869 1733304410 1089497939 271327192 1357290233 689161350 376502287 104905188 1722632213 1467275122 1700400267 428867760 2132206321 615056670 1290527943 1692500028 720373645 988592522
pow 1403419843 771851400 1063981545 867115190 1258655871 181213588 842800645 763242146 721198075 1660816224 1400178657 749893454 556981047 1521935852 18967421 853245626 1342130739 1909388600 815965401 954951910 2032444655 1675511108 1774964725 2015568338 273508203 352952848 264095953 767448446 1900531111 395220892 327363437 1163882474 906089379 370110952 1819038665 373005590 1749366111 782187764 1915444709 520538370 187920091 177063104 1957701057 1822400430 948026391 1056150860 767838045 393973018 1299519763 1107163800 1751588537 64142662 1671315919 16449700 2045364181 1351359538 290828875 1663398768 1758142129 552162782 771204743 1160830716 1565769549 754112074 367008387 966102856 938608041 1151584630 707185215 429690964 1767247301 836115298 135999931 858500640
sub 1749922721 619608078 880839927 525431980 1633719101 407391098 915003379 227618808 2083260569 1449247142 1586876079 267316228 1384066997 247973522 883617067 867923152 1966531729 633472574 1253273447 1931499100 450478893 717155498 1853444451 1265360040 1408509833 562013654 2002931487 69014452 1630809509 168041922 736879771 1924122496 122007937 1396113518 2061979095 1193837580 2087603997 609860058 74811091 761304408 1273586297 691041798 784550799 1326581604 1258555285 1290674418 1116018699 44279344 2079922801 266364574 1261643847 850722236 2056075021 1675342602 923105347 1248483848 1315617129 996618806 1924121599 846776084 1061010821 933810210 2094892923 720507104 110108513 554776782 762183351 231785324 2070248189 382195770 745547187 1178872504 328674393 550951526 1423882351 146559684 1458589557 286731090 2132554475 397805456 537509969 1591506686 1865339175 558290204 1189485293 1767975274 1656524579 23660392 290306889 1290956438 2059872479 1963436660 82492773 920400514 2099780187 164268608 1998912833
pow 1679106350 701276055 1453470412 1992169181 917153434 531739795 1226043416 1798137401 233631430 228595023 323341860 96208725 1297802674 715668939 113940720 1616959025 1045313374 845048327 1747836028 1717333709 946294730 1624675843 121627848 1653943593 1018780406 710966719 673299924 1337142597 1874216162 721657147 152122272 1174162209 500873614 163262583 284480044 586162877 924460282 1265775475 1923605880 1185157145 1829417766 1371497007 1359378820 48181045 1607553042 23148715 800676432 402021393 97363902 1283060455 1019352028 1533555373 973481514 478907619 1053225512 1681461001 492042070 1479787167 874447156 1494158629 911148866 11014171 1855851776 1007552769 2079982062 586264919 941662604 1349754525 925782874 417964627 1272449752 1978870265 1724393350 1442094863 810964196 366069525 311585394 998187915 1046105008 2109886961 955435038 825846727 1616608060 1149331085 1129688202 2098426819 1456877448 338780393 760890294 385415039 223835284 1987468549 1253996962 1951232763 1279858272
sum 2119317217 1477114446 120070711 1400742124 1807780477 1107243450 1833959731 696016952 621982681 1337805798 184011759 730685508 571199221 464925906 221904491 713387280 616347601 123050110 273994919 542249628 1545603693 359523050 1705396899 1246076136 1282810569 1466187798 896015455 874715124 425794789 1495047170 2016134619 2146062272 230741185 933601966 68584215 1986252876 2102322781 1319419930 702369811 745334168 1543155129 679616582 494987471
pow 1224973220 654657237 492089138 650758475 940752496 2078117297 1284380894 1434725767 1442699772 2025594445 1567017290 897323395 1609382472 1124029609 839511158 1043935551 886696788 1330072773 2038525538 2054883515 861518112 1196548769 1281489678 594858999 1076572076 697741885 1077345914 734629619 1099012856 2124617625 497984678 1984427439 454100740 1077292725 629528978 879133739 1994014672 1310512017 271862078 679442023 1723257180 214802989 878206890 1204602979 715458472 163903113 2145601750 2015639071 668200628 1101065381 805630146
pow 1702050715 1550799488 1677549697 1943536494 721097943 1546370828 823127581
pow 1707994330 1280097747 563249240 1292104057 131782918 973402767 1074635364 622233237 778154994 1581788939 1119088944 1114802545 98576798 1828630343 1138030780 650941965 526034442 1943039811 155518216 247400553 797463862 1709255423 828973588 904264837 1824465698 525098619 1023613920 2025541217
pow 933215182 476136887 29195884 1882364413 2055310138 1621023923 1366791608 1662335833 1805565286 1232068463 1649503684 689852021 503332434 1218890219 1131926160 1540796241 220838398 1119475751 1789939740 1899035117 260414570 213845539 648360552 468027977 1536233878 1177030623 32605556 227441765 197657986 171864411 1659704640 1988340801 1297163310 895444631 1949855180 1601615325 627693978 972549011 571005720 953087289 2039632326 1094761551 942958884 1002800725 1182365874 330978507 1828578288 2034320689 833157726 90763527 1688262524 846384589 1643201226 1641057539 2040369096 1462795305 1251311094 330359999 1438980308 1175612485 1429706722 75592763 671432352 709786145 377765006 1873639287 49581356 324288957 2040453114
sub 630188659 807293048 573120281 239965734 2049935663 68064388 1753493045 1709531922 1538969515 2132682064 1437223697 720759486 1287911911 1191087836 1292505517 1605736746 1044186083 1158028584 1117249033 1865259606 87271839 1966857268 2028588069 2099632706 1749903131 841193472 1024702465 550569198 17004631 155835532 1011039645 1983415898 1822349651 1687156184 1327216889 845712006 150226447 339210212 1456621077 643562866 954219147 95458992 134856945 1554549534 1820521159 857830972 1064224141 1038786442 1765567171 397859464 1007923177 1743873718 224943743 883806100 1535941637
pow 598396066 198855163 1931485536 868967905 634355022 1528391991 1854954476 649832829 105833658 1415362611 1949682488 1268695769 444280550 1044837103 1124629316 1244122613 502613970 1063425387 1485649936 56075985 1448663934 1952308135 1449233820 605612397 497571306 637976995 1283966952 2107371977 2138628886 1527186271 1953690356 1064492005 1423863554 1096817883 684907200 1869448129 186099118 732383767 639634252 993363293 16380698 503416595 1609027736 2141863097 656245574 652185551 1993881252 570213845 1321812530 2138693707 462162288 378272945 1402919902 806139015 1779881212 830504269 201768010 869533827 173073736 489202601 744230774 1489475647 551765588 303336389 148423010 1461116859 1561576480 754061729
sub 1648459278 1550129911 793832108 2116604221 693219706 113591795 1954416120 792077977 1692895142 192289967 570368516 1506356661 653257874 90053419 1048906448 1822343825 1007848510 658996583 865684572 975012141 35508906 1306279779 1139421864 212977033 288549846 761404703 844548532
